label_index,label,feature_type,sample#1,sample#2,sample#3,sample#4,sample#5,sample#6,sample#7,sample#8,sample#9,sample#10,sample#11,sample#12,sample#13,sample#14,sample#15,sample#16,sample#17,sample#18,sample#19,sample#20,sample#21,sample#22,sample#23,sample#24,sample#25,sample#26,sample#27,sample#28,sample#29,sample#30,sample#31,sample#32,sample#33,sample#34,sample#35,sample#36,sample#37,sample#38,sample#39,sample#40,sample#41,sample#42,sample#43,sample#44,sample#45,sample#46,sample#47,sample#48,sample#49,sample#50,sample#51,sample#52,sample#53,sample#54,sample#55,sample#56,sample#57,sample#58,sample#59,sample#60,sample#61,sample#62,sample#63,sample#64,sample#65,sample#66,sample#67,sample#68,sample#69,sample#70,sample#71,sample#72,sample#73,sample#74,sample#75,sample#76,sample#77,sample#78,sample#79,sample#80,sample#81,sample#82,sample#83,sample#84,sample#85,sample#86,sample#87,sample#88,sample#89,sample#90,sample#91,sample#92,sample#93,sample#94,sample#95,sample#96,sample#97,sample#98,sample#99,sample#100,sample#101,sample#102,sample#103,sample#104,sample#105,sample#106,sample#107,sample#108,sample#109,sample#110,sample#111,sample#112,sample#113,sample#114,sample#115,sample#116,sample#117,sample#118,sample#119,sample#120,sample#121,sample#122,sample#123,sample#124,sample#125,sample#126,sample#127,sample#128,sample#129,sample#130,sample#131,sample#132,sample#133,sample#134,sample#135,sample#136,sample#137,sample#138,sample#139,sample#140,sample#141,sample#142,sample#143,sample#144,sample#145,sample#146,sample#147,sample#148,sample#149,sample#150,sample#151,sample#152,sample#153,sample#154,sample#155,sample#156,sample#157,sample#158,sample#159,sample#160,sample#161,sample#162,sample#163,sample#164,sample#165,sample#166,sample#167,sample#168,sample#169,sample#170,sample#171,sample#172,sample#173,sample#174,sample#175,sample#176,sample#177,sample#178,sample#179,sample#180,sample#181,sample#182,sample#183,sample#184,sample#185,sample#186,sample#187,sample#188,sample#189,sample#190,sample#191,sample#192,sample#193,sample#194,sample#195,sample#196,sample#197,sample#198,sample#199,sample#200,sample#201,sample#202,sample#203,sample#204,sample#205,sample#206,sample#207,sample#208,sample#209,sample#210,sample#211,sample#212,sample#213,sample#214,sample#215,sample#216,sample#217,sample#218,sample#219,sample#220,sample#221,sample#222,sample#223,sample#224,sample#225,sample#226,sample#227,sample#228,sample#229,sample#230,sample#231,sample#232,sample#233,sample#234,sample#235,sample#236,sample#237,sample#238,sample#239,sample#240,sample#241,sample#242,sample#243,sample#244,sample#245,sample#246,sample#247,sample#248,sample#249,sample#250,sample#251,sample#252,sample#253,sample#254,sample#255,sample#256,sample#257,sample#258,sample#259,sample#260,sample#261,sample#262,sample#263,sample#264,sample#265,sample#266,sample#267,sample#268,sample#269,sample#270,sample#271,sample#272,sample#273,sample#274,sample#275,sample#276,sample#277,sample#278,sample#279,sample#280,sample#281,sample#282,sample#283,sample#284,sample#285,sample#286,sample#287,sample#288,sample#289,sample#290,sample#291,sample#292,sample#293,sample#294,sample#295,sample#296,sample#297,sample#298,sample#299,sample#300,sample#301,sample#302,sample#303,sample#304,sample#305,sample#306,sample#307,sample#308,sample#309,sample#310,sample#311,sample#312,sample#313,sample#314,sample#315,sample#316,sample#317,sample#318,sample#319,sample#320,sample#321,sample#322,sample#323,sample#324,sample#325,sample#326,sample#327,sample#328,sample#329,sample#330,sample#331,sample#332,sample#333,sample#334,sample#335,sample#336,sample#337,sample#338,sample#339,sample#340,sample#341,sample#342,sample#343,sample#344,sample#345,sample#346,sample#347,sample#348,sample#349,sample#350,sample#351,sample#352,sample#353,sample#354,sample#355,sample#356,sample#357,sample#358,sample#359,sample#360,sample#361,sample#362,sample#363,sample#364,sample#365,sample#366,sample#367,sample#368,sample#369,sample#370,sample#371,sample#372,sample#373,sample#374,sample#375,sample#376,sample#377,sample#378,sample#379,sample#380,sample#381,sample#382,sample#383,sample#384,sample#385,sample#386,sample#387,sample#388,sample#389,sample#390,sample#391,sample#392,sample#393,sample#394,sample#395,sample#396,sample#397,sample#398,sample#399,sample#400,sample#401,sample#402,sample#403,sample#404,sample#405,sample#406,sample#407,sample#408,sample#409,sample#410,sample#411,sample#412,sample#413,sample#414,sample#415,sample#416,sample#417,sample#418,sample#419,sample#420,sample#421,sample#422,sample#423,sample#424,sample#425,sample#426,sample#427,sample#428,sample#429,sample#430,sample#431,sample#432,sample#433,sample#434,sample#435,sample#436,sample#437,sample#438,sample#439,sample#440,sample#441,sample#442,sample#443,sample#444,sample#445,sample#446,sample#447,sample#448,sample#449,sample#450,sample#451,sample#452,sample#453,sample#454,sample#455,sample#456,sample#457,sample#458,sample#459,sample#460,sample#461,sample#462,sample#463,sample#464,sample#465,sample#466,sample#467,sample#468,sample#469,sample#470,sample#471,sample#472,sample#473,sample#474,sample#475,sample#476,sample#477,sample#478,sample#479,sample#480,sample#481,sample#482,sample#483,sample#484,sample#485,sample#486,sample#487,sample#488,sample#489,sample#490,sample#491,sample#492,sample#493,sample#494,sample#495,sample#496,sample#497,sample#498,sample#499,sample#500,sample#501,sample#502,sample#503,sample#504,sample#505,sample#506,sample#507,sample#508,sample#509,sample#510,sample#511,sample#512,sample#513,sample#514,sample#515,sample#516,sample#517,sample#518,sample#519,sample#520,sample#521,sample#522,sample#523,sample#524,sample#525,sample#526,sample#527,sample#528,sample#529,sample#530,sample#531,sample#532,sample#533,sample#534,sample#535,sample#536,sample#537,sample#538,sample#539,sample#540,sample#541,sample#542,sample#543,sample#544,sample#545,sample#546,sample#547,sample#548,sample#549,sample#550,sample#551,sample#552,sample#553,sample#554,sample#555,sample#556,sample#557,sample#558,sample#559,sample#560,sample#561,sample#562,sample#563,sample#564,sample#565,sample#566,sample#567,sample#568,sample#569,sample#570,sample#571,sample#572,sample#573,sample#574,sample#575,sample#576,sample#577,sample#578,sample#579,sample#580,sample#581,sample#582,sample#583,sample#584,sample#585,sample#586,sample#587,sample#588,sample#589,sample#590,sample#591,sample#592,sample#593,sample#594,sample#595,sample#596,sample#597,sample#598,sample#599,sample#600,sample#601,sample#602,sample#603,sample#604,sample#605,sample#606,sample#607,sample#608,sample#609,sample#610,sample#611,sample#612,sample#613,sample#614,sample#615,sample#616,sample#617,sample#618,sample#619,sample#620,sample#621,sample#622,sample#623,sample#624,sample#625,sample#626,sample#627,sample#628,sample#629,sample#630,sample#631,sample#632,sample#633,sample#634,sample#635,sample#636,sample#637,sample#638,sample#639,sample#640,sample#641,sample#642,sample#643,sample#644,sample#645,sample#646,sample#647,sample#648,sample#649,sample#650,sample#651,sample#652,sample#653,sample#654,sample#655,sample#656,sample#657,sample#658,sample#659,sample#660,sample#661,sample#662,sample#663,sample#664,sample#665,sample#666,sample#667,sample#668,sample#669,sample#670,sample#671,sample#672,sample#673,sample#674,sample#675,sample#676,sample#677,sample#678,sample#679,sample#680,sample#681,sample#682,sample#683,sample#684,sample#685,sample#686,sample#687,sample#688,sample#689,sample#690,sample#691,sample#692,sample#693,sample#694,sample#695,sample#696,sample#697,sample#698,sample#699,sample#700,sample#701,sample#702,sample#703,sample#704,sample#705,sample#706,sample#707,sample#708,sample#709,sample#710,sample#711,sample#712,sample#713,sample#714,sample#715,sample#716,sample#717,sample#718,sample#719,sample#720,sample#721,sample#722,sample#723,sample#724,sample#725,sample#726,sample#727,sample#728,sample#729,sample#730,sample#731,sample#732,sample#733,sample#734,sample#735,sample#736,sample#737,sample#738,sample#739,sample#740,sample#741,sample#742,sample#743,sample#744,sample#745,sample#746,sample#747,sample#748,sample#749,sample#750,sample#751,sample#752,sample#753,sample#754,sample#755,sample#756,sample#757,sample#758,sample#759,sample#760,sample#761,sample#762,sample#763,sample#764,sample#765,sample#766,sample#767,sample#768,sample#769,sample#770,sample#771,sample#772,sample#773,sample#774,sample#775,sample#776,sample#777,sample#778,sample#779,sample#780,sample#781,sample#782,sample#783,sample#784,sample#785,sample#786,sample#787,sample#788,sample#789,sample#790,sample#791,sample#792,sample#793,sample#794,sample#795,sample#796,sample#797,sample#798,sample#799,sample#800,sample#801,sample#802,sample#803,sample#804,sample#805,sample#806,sample#807,sample#808,sample#809,sample#810,sample#811,sample#812,sample#813,sample#814,sample#815,sample#816,sample#817,sample#818,sample#819,sample#820,sample#821,sample#822,sample#823,sample#824,sample#825,sample#826,sample#827,sample#828,sample#829,sample#830,sample#831,sample#832,sample#833,sample#834,sample#835,sample#836,sample#837,sample#838,sample#839,sample#840,sample#841,sample#842,sample#843,sample#844,sample#845,sample#846,sample#847,sample#848,sample#849,sample#850,sample#851,sample#852,sample#853,sample#854,sample#855,sample#856,sample#857,sample#858,sample#859,sample#860,sample#861,sample#862,sample#863,sample#864,sample#865,sample#866,sample#867,sample#868,sample#869,sample#870,sample#871,sample#872,sample#873,sample#874,sample#875,sample#876,sample#877,sample#878,sample#879,sample#880,sample#881,sample#882,sample#883,sample#884,sample#885,sample#886,sample#887,sample#888,sample#889,sample#890,sample#891,sample#892,sample#893,sample#894,sample#895,sample#896,sample#897,sample#898,sample#899,sample#900,sample#901,sample#902,sample#903,sample#904,sample#905,sample#906,sample#907,sample#908,sample#909,sample#910,sample#911,sample#912,sample#913,sample#914,sample#915,sample#916,sample#917,sample#918,sample#919,sample#920,sample#921,sample#922,sample#923,sample#924,sample#925,sample#926,sample#927,sample#928,sample#929,sample#930,sample#931,sample#932,sample#933,sample#934,sample#935,sample#936,sample#937,sample#938,sample#939,sample#940,sample#941,sample#942,sample#943,sample#944,sample#945,sample#946,sample#947,sample#948,sample#949,sample#950,sample#951,sample#952,sample#953,sample#954,sample#955,sample#956,sample#957,sample#958,sample#959,sample#960,sample#961,sample#962,sample#963,sample#964,sample#965,sample#966,sample#967,sample#968,sample#969,sample#970,sample#971,sample#972,sample#973,sample#974,sample#975,sample#976,sample#977,sample#978,sample#979,sample#980,sample#981,sample#982,sample#983,sample#984,sample#985,sample#986,sample#987,sample#988,sample#989,sample#990,sample#991,sample#992,sample#993,sample#994,sample#995,sample#996,sample#997,sample#998,sample#999,sample#1000,sample#1001,sample#1002,sample#1003,sample#1004,sample#1005,sample#1006,sample#1007,sample#1008,sample#1009,sample#1010,sample#1011,sample#1012,sample#1013,sample#1014,sample#1015,sample#1016,sample#1017,sample#1018,sample#1019,sample#1020,sample#1021,sample#1022,sample#1023,sample#1024,sample#1025,sample#1026,sample#1027,sample#1028,sample#1029,sample#1030,sample#1031,sample#1032,sample#1033,sample#1034,sample#1035,sample#1036,sample#1037,sample#1038,sample#1039,sample#1040,sample#1041,sample#1042,sample#1043,sample#1044,sample#1045,sample#1046,sample#1047,sample#1048,sample#1049,sample#1050,sample#1051,sample#1052,sample#1053,sample#1054,sample#1055,sample#1056,sample#1057,sample#1058,sample#1059,sample#1060,sample#1061,sample#1062,sample#1063,sample#1064,sample#1065,sample#1066,sample#1067,sample#1068,sample#1069,sample#1070,sample#1071,sample#1072,sample#1073,sample#1074,sample#1075,sample#1076,sample#1077,sample#1078,sample#1079,sample#1080,sample#1081,sample#1082,sample#1083,sample#1084,sample#1085,sample#1086,sample#1087,sample#1088,sample#1089,sample#1090,sample#1091,sample#1092,sample#1093,sample#1094,sample#1095,sample#1096,sample#1097,sample#1098,sample#1099,sample#1100,sample#1101,sample#1102,sample#1103,sample#1104,sample#1105,sample#1106,sample#1107,sample#1108,sample#1109,sample#1110,sample#1111,sample#1112,sample#1113,sample#1114,sample#1115,sample#1116,sample#1117,sample#1118,sample#1119,sample#1120,sample#1121,sample#1122,sample#1123,sample#1124,sample#1125,sample#1126,sample#1127,sample#1128,sample#1129,sample#1130,sample#1131,sample#1132,sample#1133,sample#1134,sample#1135,sample#1136,sample#1137,sample#1138,sample#1139,sample#1140,sample#1141,sample#1142,sample#1143,sample#1144,sample#1145,sample#1146,sample#1147,sample#1148,sample#1149,sample#1150,sample#1151,sample#1152,sample#1153,sample#1154,sample#1155,sample#1156,sample#1157,sample#1158,sample#1159,sample#1160,sample#1161,sample#1162,sample#1163,sample#1164,sample#1165,sample#1166,sample#1167,sample#1168,sample#1169,sample#1170,sample#1171,sample#1172,sample#1173,sample#1174,sample#1175,sample#1176,sample#1177,sample#1178,sample#1179,sample#1180,sample#1181,sample#1182,sample#1183,sample#1184,sample#1185,sample#1186,sample#1187,sample#1188,sample#1189,sample#1190,sample#1191,sample#1192,sample#1193,sample#1194,sample#1195,sample#1196,sample#1197,sample#1198,sample#1199,sample#1200,sample#1201,sample#1202,sample#1203,sample#1204,sample#1205,sample#1206,sample#1207,sample#1208,sample#1209,sample#1210,sample#1211,sample#1212,sample#1213,sample#1214,sample#1215,sample#1216,sample#1217,sample#1218,sample#1219,sample#1220,sample#1221,sample#1222,sample#1223,sample#1224,sample#1225,sample#1226,sample#1227,sample#1228,sample#1229,sample#1230,sample#1231,sample#1232,sample#1233,sample#1234,sample#1235,sample#1236,sample#1237,sample#1238,sample#1239,sample#1240,sample#1241,sample#1242,sample#1243,sample#1244,sample#1245,sample#1246,sample#1247,sample#1248,sample#1249,sample#1250,sample#1251,sample#1252,sample#1253,sample#1254,sample#1255,sample#1256,sample#1257,sample#1258,sample#1259,sample#1260,sample#1261,sample#1262,sample#1263,sample#1264,sample#1265,sample#1266,sample#1267,sample#1268,sample#1269,sample#1270,sample#1271,sample#1272,sample#1273,sample#1274,sample#1275,sample#1276,sample#1277,sample#1278,sample#1279,sample#1280,sample#1281,sample#1282,sample#1283,sample#1284,sample#1285,sample#1286,sample#1287,sample#1288,sample#1289,sample#1290,sample#1291,sample#1292,sample#1293,sample#1294,sample#1295,sample#1296,sample#1297,sample#1298,sample#1299,sample#1300,sample#1301,sample#1302,sample#1303,sample#1304,sample#1305,sample#1306,sample#1307,sample#1308,sample#1309,sample#1310,sample#1311,sample#1312,sample#1313,sample#1314,sample#1315,sample#1316,sample#1317,sample#1318,sample#1319,sample#1320,sample#1321,sample#1322,sample#1323,sample#1324,sample#1325,sample#1326,sample#1327,sample#1328,sample#1329,sample#1330,sample#1331,sample#1332,sample#1333,sample#1334,sample#1335,sample#1336,sample#1337,sample#1338,sample#1339,sample#1340,sample#1341,sample#1342,sample#1343,sample#1344,sample#1345,sample#1346,sample#1347,sample#1348,sample#1349,sample#1350,sample#1351,sample#1352,sample#1353,sample#1354,sample#1355,sample#1356,sample#1357,sample#1358,sample#1359,sample#1360,sample#1361,sample#1362,sample#1363,sample#1364,sample#1365,sample#1366,sample#1367,sample#1368,sample#1369,sample#1370,sample#1371,sample#1372,sample#1373,sample#1374,sample#1375,sample#1376,sample#1377,sample#1378,sample#1379,sample#1380,sample#1381,sample#1382,sample#1383,sample#1384,sample#1385,sample#1386,sample#1387,sample#1388,sample#1389,sample#1390,sample#1391,sample#1392,sample#1393,sample#1394,sample#1395,sample#1396,sample#1397,sample#1398,sample#1399,sample#1400,sample#1401,sample#1402,sample#1403,sample#1404,sample#1405,sample#1406,sample#1407,sample#1408,sample#1409,sample#1410,sample#1411,sample#1412,sample#1413,sample#1414,sample#1415,sample#1416,sample#1417,sample#1418,sample#1419,sample#1420,sample#1421,sample#1422,sample#1423,sample#1424,sample#1425,sample#1426,sample#1427,sample#1428,sample#1429,sample#1430,sample#1431,sample#1432,sample#1433,sample#1434,sample#1435,sample#1436,sample#1437,sample#1438,sample#1439,sample#1440,sample#1441,sample#1442,sample#1443,sample#1444,sample#1445,sample#1446,sample#1447,sample#1448,sample#1449,sample#1450,sample#1451,sample#1452,sample#1453,sample#1454,sample#1455,sample#1456,sample#1457,sample#1458,sample#1459,sample#1460,sample#1461,sample#1462,sample#1463,sample#1464,sample#1465,sample#1466,sample#1467,sample#1468,sample#1469,sample#1470,sample#1471,sample#1472,sample#1473,sample#1474,sample#1475,sample#1476,sample#1477,sample#1478,sample#1479,sample#1480,sample#1481,sample#1482,sample#1483,sample#1484,sample#1485,sample#1486,sample#1487,sample#1488,sample#1489,sample#1490,sample#1491,sample#1492,sample#1493,sample#1494,sample#1495,sample#1496,sample#1497,sample#1498,sample#1499,sample#1500,sample#1501,sample#1502,sample#1503,sample#1504,sample#1505,sample#1506,sample#1507,sample#1508,sample#1509,sample#1510,sample#1511,sample#1512,sample#1513,sample#1514,sample#1515,sample#1516,sample#1517,sample#1518,sample#1519,sample#1520,sample#1521,sample#1522,sample#1523,sample#1524,sample#1525,sample#1526,sample#1527,sample#1528,sample#1529,sample#1530,sample#1531,sample#1532,sample#1533,sample#1534,sample#1535,sample#1536,sample#1537,sample#1538,sample#1539,sample#1540,sample#1541,sample#1542,sample#1543,sample#1544,sample#1545,sample#1546,sample#1547,sample#1548,sample#1549,sample#1550,sample#1551,sample#1552,sample#1553,sample#1554,sample#1555,sample#1556,sample#1557,sample#1558,sample#1559,sample#1560,sample#1561,sample#1562,sample#1563,sample#1564,sample#1565,sample#1566,sample#1567,sample#1568,sample#1569,sample#1570,sample#1571,sample#1572,sample#1573,sample#1574,sample#1575,sample#1576,sample#1577,sample#1578,sample#1579,sample#1580,sample#1581,sample#1582,sample#1583,sample#1584,sample#1585,sample#1586,sample#1587,sample#1588,sample#1589,sample#1590,sample#1591,sample#1592,sample#1593,sample#1594,sample#1595,sample#1596,sample#1597,sample#1598,sample#1599,sample#1600,sample#1601,sample#1602,sample#1603,sample#1604,sample#1605,sample#1606,sample#1607,sample#1608,sample#1609,sample#1610,sample#1611,sample#1612,sample#1613,sample#1614,sample#1615,sample#1616,sample#1617,sample#1618,sample#1619,sample#1620,sample#1621,sample#1622,sample#1623,sample#1624,sample#1625,sample#1626,sample#1627,sample#1628,sample#1629,sample#1630,sample#1631,sample#1632,sample#1633,sample#1634,sample#1635,sample#1636,sample#1637,sample#1638,sample#1639,sample#1640,sample#1641,sample#1642,sample#1643,sample#1644,sample#1645,sample#1646,sample#1647,sample#1648,sample#1649,sample#1650,sample#1651,sample#1652,sample#1653,sample#1654,sample#1655,sample#1656,sample#1657,sample#1658,sample#1659,sample#1660,sample#1661,sample#1662,sample#1663,sample#1664,sample#1665,sample#1666,sample#1667,sample#1668,sample#1669,sample#1670,sample#1671,sample#1672,sample#1673,sample#1674,sample#1675,sample#1676,sample#1677,sample#1678,sample#1679,sample#1680,sample#1681,sample#1682,sample#1683,sample#1684,sample#1685,sample#1686,sample#1687,sample#1688,sample#1689,sample#1690,sample#1691,sample#1692,sample#1693,sample#1694,sample#1695,sample#1696,sample#1697,sample#1698,sample#1699,sample#1700,sample#1701,sample#1702,sample#1703,sample#1704,sample#1705,sample#1706,sample#1707,sample#1708,sample#1709,sample#1710,sample#1711,sample#1712,sample#1713,sample#1714,sample#1715,sample#1716,sample#1717,sample#1718,sample#1719,sample#1720,sample#1721,sample#1722,sample#1723,sample#1724,sample#1725,sample#1726,sample#1727,sample#1728,sample#1729,sample#1730,sample#1731,sample#1732,sample#1733,sample#1734,sample#1735,sample#1736,sample#1737,sample#1738,sample#1739,sample#1740,sample#1741,sample#1742,sample#1743,sample#1744,sample#1745,sample#1746,sample#1747,sample#1748,sample#1749,sample#1750,sample#1751,sample#1752,sample#1753,sample#1754,sample#1755,sample#1756,sample#1757,sample#1758,sample#1759,sample#1760,sample#1761,sample#1762,sample#1763,sample#1764,sample#1765,sample#1766,sample#1767,sample#1768,sample#1769,sample#1770,sample#1771,sample#1772,sample#1773,sample#1774,sample#1775,sample#1776,sample#1777,sample#1778,sample#1779,sample#1780,sample#1781,sample#1782,sample#1783,sample#1784,sample#1785,sample#1786,sample#1787,sample#1788,sample#1789,sample#1790,sample#1791,sample#1792,sample#1793,sample#1794,sample#1795,sample#1796,sample#1797,sample#1798,sample#1799,sample#1800,sample#1801,sample#1802,sample#1803,sample#1804,sample#1805,sample#1806,sample#1807,sample#1808,sample#1809,sample#1810,sample#1811,sample#1812,sample#1813,sample#1814,sample#1815,sample#1816,sample#1817,sample#1818,sample#1819,sample#1820,sample#1821,sample#1822,sample#1823,sample#1824,sample#1825,sample#1826,sample#1827,sample#1828,sample#1829,sample#1830,sample#1831,sample#1832,sample#1833,sample#1834,sample#1835,sample#1836,sample#1837,sample#1838,sample#1839,sample#1840,sample#1841,sample#1842,sample#1843,sample#1844,sample#1845,sample#1846,sample#1847,sample#1848,sample#1849,sample#1850,sample#1851,sample#1852,sample#1853,sample#1854,sample#1855,sample#1856,sample#1857,sample#1858,sample#1859,sample#1860,sample#1861,sample#1862,sample#1863,sample#1864,sample#1865,sample#1866,sample#1867,sample#1868,sample#1869,sample#1870,sample#1871,sample#1872,sample#1873,sample#1874,sample#1875,sample#1876,sample#1877,sample#1878,sample#1879,sample#1880,sample#1881,sample#1882,sample#1883,sample#1884,sample#1885,sample#1886,sample#1887,sample#1888,sample#1889,sample#1890,sample#1891,sample#1892,sample#1893,sample#1894,sample#1895,sample#1896,sample#1897,sample#1898,sample#1899,sample#1900,sample#1901,sample#1902,sample#1903,sample#1904,sample#1905,sample#1906,sample#1907,sample#1908,sample#1909,sample#1910,sample#1911,sample#1912,sample#1913,sample#1914,sample#1915,sample#1916,sample#1917,sample#1918,sample#1919,sample#1920,sample#1921,sample#1922,sample#1923,sample#1924,sample#1925,sample#1926,sample#1927,sample#1928,sample#1929,sample#1930,sample#1931,sample#1932,sample#1933,sample#1934,sample#1935,sample#1936,sample#1937,sample#1938,sample#1939,sample#1940,sample#1941,sample#1942,sample#1943,sample#1944,sample#1945,sample#1946,sample#1947,sample#1948,sample#1949,sample#1950,sample#1951,sample#1952,sample#1953,sample#1954,sample#1955,sample#1956,sample#1957,sample#1958,sample#1959,sample#1960,sample#1961,sample#1962,sample#1963,sample#1964,sample#1965,sample#1966,sample#1967,sample#1968,sample#1969,sample#1970,sample#1971,sample#1972,sample#1973,sample#1974,sample#1975,sample#1976,sample#1977,sample#1978,sample#1979,sample#1980,sample#1981,sample#1982,sample#1983,sample#1984,sample#1985,sample#1986,sample#1987,sample#1988,sample#1989,sample#1990,sample#1991,sample#1992,sample#1993,sample#1994,sample#1995,sample#1996,sample#1997,sample#1998,sample#1999,sample#2000,sample#2001,sample#2002,sample#2003,sample#2004,sample#2005,sample#2006,sample#2007,sample#2008,sample#2009,sample#2010,sample#2011,sample#2012,sample#2013,sample#2014,sample#2015,sample#2016,sample#2017,sample#2018,sample#2019,sample#2020,sample#2021,sample#2022,sample#2023,sample#2024,sample#2025,sample#2026,sample#2027,sample#2028,sample#2029,sample#2030,sample#2031,sample#2032,sample#2033,sample#2034,sample#2035,sample#2036,sample#2037,sample#2038,sample#2039,sample#2040,sample#2041,sample#2042,sample#2043,sample#2044,sample#2045,sample#2046,sample#2047,sample#2048,sample#2049,sample#2050,sample#2051,sample#2052,sample#2053,sample#2054,sample#2055,sample#2056,sample#2057,sample#2058,sample#2059,sample#2060,sample#2061,sample#2062,sample#2063,sample#2064,sample#2065,sample#2066,sample#2067,sample#2068,sample#2069,sample#2070,sample#2071,sample#2072,sample#2073,sample#2074,sample#2075,sample#2076,sample#2077,sample#2078,sample#2079,sample#2080,sample#2081,sample#2082,sample#2083,sample#2084,sample#2085,sample#2086,sample#2087,sample#2088,sample#2089,sample#2090,sample#2091,sample#2092,sample#2093,sample#2094,sample#2095,sample#2096,sample#2097,sample#2098,sample#2099,sample#2100,sample#2101,sample#2102,sample#2103,sample#2104,sample#2105,sample#2106,sample#2107,sample#2108,sample#2109,sample#2110,sample#2111,sample#2112,sample#2113,sample#2114,sample#2115,sample#2116,sample#2117,sample#2118,sample#2119,sample#2120,sample#2121,sample#2122,sample#2123,sample#2124,sample#2125,sample#2126,sample#2127,sample#2128,sample#2129,sample#2130,sample#2131,sample#2132,sample#2133,sample#2134,sample#2135,sample#2136,sample#2137,sample#2138,sample#2139,sample#2140,sample#2141,sample#2142,sample#2143,sample#2144,sample#2145,sample#2146,sample#2147,sample#2148,sample#2149,sample#2150,sample#2151,sample#2152,sample#2153,sample#2154,sample#2155,sample#2156,sample#2157,sample#2158,sample#2159,sample#2160,sample#2161,sample#2162,sample#2163,sample#2164,sample#2165,sample#2166,sample#2167,sample#2168,sample#2169,sample#2170,sample#2171,sample#2172,sample#2173,sample#2174,sample#2175,sample#2176,sample#2177,sample#2178,sample#2179,sample#2180,sample#2181,sample#2182,sample#2183,sample#2184,sample#2185,sample#2186,sample#2187,sample#2188,sample#2189,sample#2190,sample#2191,sample#2192,sample#2193,sample#2194,sample#2195,sample#2196,sample#2197,sample#2198,sample#2199,sample#2200,sample#2201,sample#2202,sample#2203,sample#2204,sample#2205,sample#2206,sample#2207,sample#2208,sample#2209,sample#2210,sample#2211,sample#2212,sample#2213,sample#2214,sample#2215,sample#2216,sample#2217,sample#2218,sample#2219,sample#2220,sample#2221,sample#2222,sample#2223,sample#2224,sample#2225,sample#2226,sample#2227,sample#2228,sample#2229,sample#2230,sample#2231,sample#2232,sample#2233,sample#2234,sample#2235,sample#2236,sample#2237,sample#2238,sample#2239,sample#2240,sample#2241,sample#2242,sample#2243,sample#2244,sample#2245,sample#2246,sample#2247,sample#2248,sample#2249,sample#2250,sample#2251,sample#2252,sample#2253,sample#2254,sample#2255,sample#2256,sample#2257,sample#2258,sample#2259,sample#2260,sample#2261,sample#2262,sample#2263,sample#2264,sample#2265,sample#2266,sample#2267,sample#2268,sample#2269,sample#2270,sample#2271,sample#2272,sample#2273,sample#2274,sample#2275,sample#2276,sample#2277,sample#2278,sample#2279,sample#2280,sample#2281,sample#2282,sample#2283,sample#2284,sample#2285,sample#2286,sample#2287,sample#2288,sample#2289,sample#2290,sample#2291,sample#2292,sample#2293,sample#2294,sample#2295,sample#2296,sample#2297,sample#2298,sample#2299,sample#2300,sample#2301,sample#2302,sample#2303,sample#2304,sample#2305,sample#2306,sample#2307,sample#2308,sample#2309,sample#2310,sample#2311,sample#2312,sample#2313,sample#2314,sample#2315,sample#2316,sample#2317,sample#2318,sample#2319,sample#2320,sample#2321,sample#2322,sample#2323,sample#2324,sample#2325,sample#2326,sample#2327,sample#2328,sample#2329,sample#2330,sample#2331,sample#2332,sample#2333,sample#2334,sample#2335,sample#2336,sample#2337,sample#2338,sample#2339,sample#2340,sample#2341,sample#2342,sample#2343,sample#2344,sample#2345,sample#2346,sample#2347,sample#2348,sample#2349,sample#2350,sample#2351,sample#2352,sample#2353,sample#2354,sample#2355,sample#2356,sample#2357,sample#2358,sample#2359,sample#2360,sample#2361,sample#2362,sample#2363,sample#2364,sample#2365,sample#2366,sample#2367,sample#2368,sample#2369,sample#2370,sample#2371,sample#2372,sample#2373,sample#2374,sample#2375,sample#2376,sample#2377,sample#2378,sample#2379,sample#2380,sample#2381,sample#2382,sample#2383,sample#2384,sample#2385,sample#2386,sample#2387,sample#2388,sample#2389,sample#2390,sample#2391,sample#2392,sample#2393,sample#2394,sample#2395,sample#2396,sample#2397,sample#2398,sample#2399,sample#2400,sample#2401,sample#2402,sample#2403,sample#2404,sample#2405,sample#2406,sample#2407,sample#2408,sample#2409,sample#2410,sample#2411,sample#2412,sample#2413,sample#2414,sample#2415,sample#2416,sample#2417,sample#2418,sample#2419,sample#2420,sample#2421,sample#2422,sample#2423,sample#2424,sample#2425,sample#2426,sample#2427,sample#2428,sample#2429,sample#2430,sample#2431,sample#2432,sample#2433,sample#2434,sample#2435,sample#2436,sample#2437,sample#2438,sample#2439,sample#2440,sample#2441,sample#2442,sample#2443,sample#2444,sample#2445,sample#2446,sample#2447,sample#2448,sample#2449,sample#2450,sample#2451,sample#2452,sample#2453,sample#2454,sample#2455,sample#2456,sample#2457,sample#2458,sample#2459,sample#2460,sample#2461,sample#2462,sample#2463,sample#2464,sample#2465,sample#2466,sample#2467,sample#2468,sample#2469,sample#2470,sample#2471,sample#2472,sample#2473,sample#2474,sample#2475,sample#2476,sample#2477,sample#2478,sample#2479,sample#2480,sample#2481,sample#2482,sample#2483,sample#2484,sample#2485,sample#2486,sample#2487,sample#2488,sample#2489,sample#2490,sample#2491,sample#2492,sample#2493,sample#2494,sample#2495,sample#2496,sample#2497,sample#2498,sample#2499,sample#2500,sample#2501,sample#2502,sample#2503,sample#2504,sample#2505,sample#2506,sample#2507,sample#2508,sample#2509,sample#2510,sample#2511,sample#2512,sample#2513,sample#2514,sample#2515,sample#2516,sample#2517,sample#2518,sample#2519,sample#2520,sample#2521,sample#2522,sample#2523,sample#2524,sample#2525,sample#2526,sample#2527,sample#2528,sample#2529,sample#2530,sample#2531,sample#2532,sample#2533,sample#2534,sample#2535,sample#2536,sample#2537,sample#2538,sample#2539,sample#2540,sample#2541,sample#2542,sample#2543,sample#2544,sample#2545,sample#2546,sample#2547,sample#2548,sample#2549,sample#2550,sample#2551,sample#2552,sample#2553,sample#2554,sample#2555,sample#2556,sample#2557,sample#2558,sample#2559,sample#2560,sample#2561,sample#2562,sample#2563,sample#2564,sample#2565,sample#2566,sample#2567,sample#2568,sample#2569,sample#2570,sample#2571,sample#2572,sample#2573,sample#2574,sample#2575,sample#2576,sample#2577,sample#2578,sample#2579,sample#2580,sample#2581,sample#2582,sample#2583,sample#2584,sample#2585,sample#2586,sample#2587,sample#2588,sample#2589,sample#2590,sample#2591,sample#2592,sample#2593,sample#2594,sample#2595,sample#2596,sample#2597,sample#2598,sample#2599,sample#2600,sample#2601,sample#2602,sample#2603,sample#2604,sample#2605,sample#2606,sample#2607,sample#2608,sample#2609,sample#2610,sample#2611,sample#2612,sample#2613,sample#2614,sample#2615,sample#2616,sample#2617,sample#2618,sample#2619,sample#2620,sample#2621,sample#2622,sample#2623,sample#2624,sample#2625,sample#2626,sample#2627,sample#2628,sample#2629,sample#2630,sample#2631,sample#2632,sample#2633,sample#2634,sample#2635,sample#2636,sample#2637,sample#2638,sample#2639,sample#2640,sample#2641,sample#2642,sample#2643,sample#2644,sample#2645,sample#2646,sample#2647,sample#2648,sample#2649,sample#2650,sample#2651,sample#2652,sample#2653,sample#2654,sample#2655,sample#2656,sample#2657,sample#2658,sample#2659,sample#2660,sample#2661,sample#2662,sample#2663,sample#2664,sample#2665,sample#2666,sample#2667,sample#2668,sample#2669,sample#2670,sample#2671,sample#2672,sample#2673,sample#2674,sample#2675,sample#2676,sample#2677,sample#2678,sample#2679,sample#2680,sample#2681,sample#2682,sample#2683,sample#2684,sample#2685,sample#2686,sample#2687,sample#2688,sample#2689,sample#2690,sample#2691,sample#2692,sample#2693,sample#2694,sample#2695,sample#2696,sample#2697,sample#2698,sample#2699,sample#2700,sample#2701,sample#2702,sample#2703,sample#2704,sample#2705,sample#2706,sample#2707,sample#2708,sample#2709,sample#2710,sample#2711,sample#2712,sample#2713,sample#2714,sample#2715,sample#2716,sample#2717,sample#2718,sample#2719,sample#2720,sample#2721,sample#2722,sample#2723,sample#2724,sample#2725,sample#2726,sample#2727,sample#2728,sample#2729,sample#2730,sample#2731,sample#2732,sample#2733,sample#2734,sample#2735,sample#2736,sample#2737,sample#2738,sample#2739,sample#2740,sample#2741,sample#2742,sample#2743,sample#2744,sample#2745,sample#2746,sample#2747,sample#2748,sample#2749,sample#2750,sample#2751,sample#2752,sample#2753,sample#2754,sample#2755,sample#2756,sample#2757,sample#2758,sample#2759,sample#2760,sample#2761,sample#2762,sample#2763,sample#2764,sample#2765,sample#2766,sample#2767,sample#2768,sample#2769,sample#2770,sample#2771,sample#2772,sample#2773,sample#2774,sample#2775,sample#2776,sample#2777,sample#2778,sample#2779,sample#2780,sample#2781,sample#2782,sample#2783,sample#2784,sample#2785,sample#2786,sample#2787,sample#2788,sample#2789,sample#2790,sample#2791,sample#2792,sample#2793,sample#2794,sample#2795,sample#2796,sample#2797,sample#2798,sample#2799,sample#2800,sample#2801,sample#2802,sample#2803,sample#2804,sample#2805,sample#2806,sample#2807,sample#2808,sample#2809,sample#2810,sample#2811,sample#2812,sample#2813,sample#2814,sample#2815,sample#2816,sample#2817,sample#2818,sample#2819,sample#2820,sample#2821,sample#2822,sample#2823,sample#2824,sample#2825,sample#2826,sample#2827,sample#2828,sample#2829,sample#2830,sample#2831,sample#2832,sample#2833,sample#2834,sample#2835,sample#2836,sample#2837,sample#2838,sample#2839,sample#2840,sample#2841,sample#2842,sample#2843,sample#2844,sample#2845,sample#2846,sample#2847,sample#2848,sample#2849,sample#2850,sample#2851,sample#2852,sample#2853,sample#2854,sample#2855,sample#2856,sample#2857,sample#2858,sample#2859,sample#2860,sample#2861,sample#2862,sample#2863,sample#2864,sample#2865,sample#2866,sample#2867,sample#2868,sample#2869,sample#2870,sample#2871,sample#2872,sample#2873,sample#2874,sample#2875,sample#2876,sample#2877,sample#2878,sample#2879,sample#2880,sample#2881,sample#2882,sample#2883,sample#2884,sample#2885,sample#2886,sample#2887,sample#2888,sample#2889,sample#2890,sample#2891,sample#2892,sample#2893,sample#2894,sample#2895,sample#2896,sample#2897,sample#2898,sample#2899,sample#2900,sample#2901,sample#2902,sample#2903,sample#2904,sample#2905,sample#2906,sample#2907,sample#2908,sample#2909,sample#2910,sample#2911,sample#2912,sample#2913,sample#2914,sample#2915,sample#2916,sample#2917,sample#2918,sample#2919,sample#2920,sample#2921,sample#2922,sample#2923,sample#2924,sample#2925,sample#2926,sample#2927,sample#2928,sample#2929,sample#2930,sample#2931,sample#2932,sample#2933,sample#2934,sample#2935,sample#2936,sample#2937,sample#2938,sample#2939,sample#2940,sample#2941,sample#2942,sample#2943,sample#2944,sample#2945,sample#2946,sample#2947,sample#2948,sample#2949,sample#2950,sample#2951,sample#2952,sample#2953,sample#2954,sample#2955,sample#2956,sample#2957,sample#2958,sample#2959,sample#2960,sample#2961,sample#2962,sample#2963,sample#2964,sample#2965,sample#2966,sample#2967,sample#2968,sample#2969,sample#2970,sample#2971,sample#2972,sample#2973,sample#2974,sample#2975,sample#2976,sample#2977,sample#2978,sample#2979,sample#2980,sample#2981,sample#2982,sample#2983,sample#2984,sample#2985,sample#2986,sample#2987,sample#2988,sample#2989,sample#2990,sample#2991,sample#2992,sample#2993,sample#2994,sample#2995,sample#2996,sample#2997,sample#2998,sample#2999,sample#3000,sample#3001,sample#3002,sample#3003,sample#3004,sample#3005,sample#3006,sample#3007,sample#3008,sample#3009,sample#3010,sample#3011,sample#3012,sample#3013,sample#3014,sample#3015,sample#3016,sample#3017,sample#3018,sample#3019,sample#3020,sample#3021,sample#3022,sample#3023,sample#3024,sample#3025,sample#3026,sample#3027,sample#3028,sample#3029,sample#3030,sample#3031,sample#3032,sample#3033,sample#3034,sample#3035,sample#3036,sample#3037,sample#3038,sample#3039,sample#3040,sample#3041,sample#3042,sample#3043,sample#3044,sample#3045,sample#3046,sample#3047,sample#3048,sample#3049,sample#3050,sample#3051,sample#3052,sample#3053,sample#3054,sample#3055,sample#3056,sample#3057,sample#3058,sample#3059,sample#3060,sample#3061,sample#3062,sample#3063,sample#3064,sample#3065,sample#3066,sample#3067,sample#3068,sample#3069,sample#3070,sample#3071,sample#3072,sample#3073,sample#3074,sample#3075,sample#3076,sample#3077,sample#3078,sample#3079,sample#3080,sample#3081,sample#3082,sample#3083,sample#3084,sample#3085,sample#3086,sample#3087,sample#3088,sample#3089,sample#3090,sample#3091,sample#3092,sample#3093,sample#3094,sample#3095,sample#3096,sample#3097,sample#3098,sample#3099,sample#3100,sample#3101,sample#3102,sample#3103,sample#3104,sample#3105,sample#3106,sample#3107,sample#3108,sample#3109,sample#3110,sample#3111,sample#3112,sample#3113,sample#3114,sample#3115,sample#3116,sample#3117,sample#3118,sample#3119,sample#3120,sample#3121,sample#3122,sample#3123,sample#3124,sample#3125,sample#3126,sample#3127,sample#3128,sample#3129,sample#3130,sample#3131,sample#3132,sample#3133,sample#3134,sample#3135,sample#3136,sample#3137,sample#3138,sample#3139,sample#3140,sample#3141,sample#3142,sample#3143,sample#3144,sample#3145,sample#3146,sample#3147,sample#3148,sample#3149,sample#3150,sample#3151,sample#3152,sample#3153,sample#3154,sample#3155,sample#3156,sample#3157,sample#3158,sample#3159,sample#3160,sample#3161,sample#3162,sample#3163,sample#3164,sample#3165,sample#3166,sample#3167,sample#3168,sample#3169,sample#3170,sample#3171,sample#3172,sample#3173,sample#3174,sample#3175,sample#3176,sample#3177,sample#3178,sample#3179,sample#3180,sample#3181,sample#3182,sample#3183,sample#3184,sample#3185,sample#3186,sample#3187,sample#3188,sample#3189,sample#3190,sample#3191,sample#3192,sample#3193,sample#3194,sample#3195,sample#3196,sample#3197,sample#3198,sample#3199,sample#3200,sample#3201,sample#3202,sample#3203,sample#3204,sample#3205,sample#3206,sample#3207,sample#3208,sample#3209,sample#3210,sample#3211,sample#3212,sample#3213,sample#3214,sample#3215,sample#3216,sample#3217,sample#3218,sample#3219,sample#3220,sample#3221,sample#3222,sample#3223,sample#3224,sample#3225,sample#3226,sample#3227,sample#3228,sample#3229,sample#3230,sample#3231,sample#3232,sample#3233,sample#3234,sample#3235,sample#3236,sample#3237,sample#3238,sample#3239,sample#3240,sample#3241,sample#3242,sample#3243,sample#3244,sample#3245,sample#3246,sample#3247,sample#3248,sample#3249,sample#3250,sample#3251,sample#3252,sample#3253,sample#3254,sample#3255,sample#3256,sample#3257,sample#3258,sample#3259,sample#3260,sample#3261,sample#3262,sample#3263,sample#3264,sample#3265,sample#3266,sample#3267,sample#3268,sample#3269,sample#3270,sample#3271,sample#3272,sample#3273,sample#3274,sample#3275,sample#3276,sample#3277,sample#3278,sample#3279,sample#3280,sample#3281,sample#3282,sample#3283,sample#3284,sample#3285,sample#3286,sample#3287,sample#3288,sample#3289,sample#3290,sample#3291,sample#3292,sample#3293,sample#3294,sample#3295,sample#3296,sample#3297,sample#3298,sample#3299,sample#3300,sample#3301,sample#3302,sample#3303,sample#3304,sample#3305,sample#3306,sample#3307,sample#3308,sample#3309,sample#3310,sample#3311,sample#3312,sample#3313,sample#3314,sample#3315,sample#3316,sample#3317,sample#3318,sample#3319,sample#3320,sample#3321,sample#3322,sample#3323,sample#3324,sample#3325,sample#3326,sample#3327,sample#3328,sample#3329,sample#3330,sample#3331,sample#3332,sample#3333,sample#3334,sample#3335,sample#3336,sample#3337,sample#3338,sample#3339,sample#3340,sample#3341,sample#3342,sample#3343,sample#3344,sample#3345,sample#3346,sample#3347,sample#3348,sample#3349,sample#3350,sample#3351,sample#3352,sample#3353,sample#3354,sample#3355,sample#3356,sample#3357,sample#3358,sample#3359,sample#3360,sample#3361,sample#3362,sample#3363,sample#3364,sample#3365,sample#3366,sample#3367,sample#3368,sample#3369,sample#3370,sample#3371,sample#3372,sample#3373,sample#3374,sample#3375,sample#3376,sample#3377,sample#3378,sample#3379,sample#3380,sample#3381,sample#3382,sample#3383,sample#3384,sample#3385,sample#3386,sample#3387,sample#3388,sample#3389,sample#3390,sample#3391,sample#3392,sample#3393,sample#3394,sample#3395,sample#3396,sample#3397,sample#3398,sample#3399,sample#3400,sample#3401,sample#3402,sample#3403,sample#3404,sample#3405,sample#3406,sample#3407,sample#3408,sample#3409,sample#3410,sample#3411,sample#3412,sample#3413,sample#3414,sample#3415,sample#3416,sample#3417,sample#3418,sample#3419,sample#3420,sample#3421,sample#3422,sample#3423,sample#3424,sample#3425,sample#3426,sample#3427,sample#3428,sample#3429,sample#3430,sample#3431,sample#3432,sample#3433,sample#3434,sample#3435,sample#3436,sample#3437,sample#3438,sample#3439,sample#3440,sample#3441,sample#3442,sample#3443,sample#3444,sample#3445,sample#3446,sample#3447,sample#3448,sample#3449,sample#3450,sample#3451,sample#3452,sample#3453,sample#3454,sample#3455,sample#3456,sample#3457,sample#3458,sample#3459,sample#3460,sample#3461,sample#3462,sample#3463,sample#3464,sample#3465,sample#3466,sample#3467,sample#3468,sample#3469,sample#3470,sample#3471,sample#3472,sample#3473,sample#3474,sample#3475,sample#3476,sample#3477,sample#3478,sample#3479,sample#3480,sample#3481,sample#3482,sample#3483,sample#3484,sample#3485,sample#3486,sample#3487,sample#3488,sample#3489,sample#3490,sample#3491,sample#3492,sample#3493,sample#3494,sample#3495,sample#3496,sample#3497,sample#3498,sample#3499,sample#3500,sample#3501,sample#3502,sample#3503,sample#3504,sample#3505,sample#3506,sample#3507,sample#3508,sample#3509,sample#3510,sample#3511,sample#3512,sample#3513,sample#3514,sample#3515,sample#3516,sample#3517,sample#3518,sample#3519,sample#3520,sample#3521,sample#3522,sample#3523,sample#3524,sample#3525,sample#3526,sample#3527,sample#3528,sample#3529,sample#3530,sample#3531,sample#3532,sample#3533,sample#3534,sample#3535,sample#3536,sample#3537,sample#3538,sample#3539,sample#3540,sample#3541,sample#3542,sample#3543,sample#3544,sample#3545,sample#3546,sample#3547,sample#3548,sample#3549,sample#3550,sample#3551,sample#3552,sample#3553,sample#3554,sample#3555,sample#3556,sample#3557,sample#3558,sample#3559,sample#3560,sample#3561,sample#3562,sample#3563,sample#3564,sample#3565,sample#3566,sample#3567,sample#3568,sample#3569,sample#3570,sample#3571,sample#3572,sample#3573,sample#3574,sample#3575,sample#3576,sample#3577,sample#3578,sample#3579,sample#3580,sample#3581,sample#3582,sample#3583,sample#3584,sample#3585,sample#3586,sample#3587,sample#3588,sample#3589,sample#3590,sample#3591,sample#3592,sample#3593,sample#3594,sample#3595,sample#3596,sample#3597,sample#3598,sample#3599,sample#3600,sample#3601,sample#3602,sample#3603,sample#3604,sample#3605,sample#3606,sample#3607,sample#3608,sample#3609,sample#3610,sample#3611,sample#3612,sample#3613,sample#3614,sample#3615,sample#3616,sample#3617,sample#3618,sample#3619,sample#3620,sample#3621,sample#3622,sample#3623,sample#3624,sample#3625,sample#3626,sample#3627,sample#3628,sample#3629,sample#3630,sample#3631,sample#3632,sample#3633,sample#3634,sample#3635,sample#3636,sample#3637,sample#3638,sample#3639,sample#3640,sample#3641,sample#3642,sample#3643,sample#3644,sample#3645,sample#3646,sample#3647,sample#3648,sample#3649,sample#3650,sample#3651,sample#3652,sample#3653,sample#3654,sample#3655,sample#3656,sample#3657,sample#3658,sample#3659,sample#3660,sample#3661,sample#3662,sample#3663,sample#3664,sample#3665,sample#3666,sample#3667,sample#3668,sample#3669,sample#3670,sample#3671,sample#3672,sample#3673,sample#3674,sample#3675,sample#3676,sample#3677,sample#3678,sample#3679,sample#3680,sample#3681,sample#3682,sample#3683,sample#3684,sample#3685,sample#3686,sample#3687,sample#3688,sample#3689,sample#3690,sample#3691,sample#3692,sample#3693,sample#3694,sample#3695,sample#3696,sample#3697,sample#3698,sample#3699,sample#3700,sample#3701,sample#3702,sample#3703,sample#3704,sample#3705,sample#3706,sample#3707,sample#3708,sample#3709,sample#3710,sample#3711,sample#3712,sample#3713,sample#3714,sample#3715,sample#3716,sample#3717,sample#3718,sample#3719,sample#3720,sample#3721,sample#3722,sample#3723,sample#3724,sample#3725,sample#3726,sample#3727,sample#3728,sample#3729,sample#3730,sample#3731,sample#3732,sample#3733,sample#3734,sample#3735,sample#3736,sample#3737,sample#3738,sample#3739,sample#3740,sample#3741,sample#3742,sample#3743,sample#3744,sample#3745,sample#3746,sample#3747,sample#3748,sample#3749,sample#3750,sample#3751,sample#3752,sample#3753,sample#3754,sample#3755,sample#3756,sample#3757,sample#3758,sample#3759,sample#3760,sample#3761,sample#3762,sample#3763,sample#3764,sample#3765,sample#3766,sample#3767,sample#3768,sample#3769,sample#3770,sample#3771,sample#3772,sample#3773,sample#3774,sample#3775,sample#3776,sample#3777,sample#3778,sample#3779,sample#3780,sample#3781,sample#3782,sample#3783,sample#3784,sample#3785,sample#3786,sample#3787,sample#3788,sample#3789,sample#3790,sample#3791,sample#3792,sample#3793,sample#3794,sample#3795,sample#3796,sample#3797,sample#3798,sample#3799,sample#3800,sample#3801,sample#3802,sample#3803,sample#3804,sample#3805,sample#3806,sample#3807,sample#3808,sample#3809,sample#3810,sample#3811,sample#3812,sample#3813,sample#3814,sample#3815,sample#3816,sample#3817,sample#3818,sample#3819,sample#3820,sample#3821,sample#3822,sample#3823,sample#3824,sample#3825,sample#3826,sample#3827,sample#3828,sample#3829,sample#3830,sample#3831,sample#3832,sample#3833,sample#3834,sample#3835,sample#3836,sample#3837,sample#3838,sample#3839,sample#3840,sample#3841,sample#3842,sample#3843,sample#3844,sample#3845,sample#3846,sample#3847,sample#3848,sample#3849,sample#3850,sample#3851,sample#3852,sample#3853,sample#3854,sample#3855,sample#3856,sample#3857,sample#3858,sample#3859,sample#3860,sample#3861,sample#3862,sample#3863,sample#3864,sample#3865,sample#3866,sample#3867,sample#3868,sample#3869,sample#3870,sample#3871,sample#3872,sample#3873,sample#3874,sample#3875,sample#3876,sample#3877,sample#3878,sample#3879,sample#3880,sample#3881,sample#3882,sample#3883,sample#3884,sample#3885,sample#3886,sample#3887,sample#3888,sample#3889,sample#3890,sample#3891,sample#3892,sample#3893,sample#3894,sample#3895,sample#3896,sample#3897,sample#3898,sample#3899,sample#3900,sample#3901,sample#3902,sample#3903,sample#3904,sample#3905,sample#3906,sample#3907,sample#3908,sample#3909,sample#3910,sample#3911,sample#3912,sample#3913,sample#3914,sample#3915,sample#3916,sample#3917,sample#3918,sample#3919,sample#3920,sample#3921,sample#3922,sample#3923,sample#3924,sample#3925,sample#3926,sample#3927,sample#3928,sample#3929,sample#3930,sample#3931,sample#3932,sample#3933,sample#3934,sample#3935,sample#3936,sample#3937,sample#3938,sample#3939,sample#3940,sample#3941,sample#3942,sample#3943,sample#3944,sample#3945,sample#3946,sample#3947,sample#3948,sample#3949,sample#3950,sample#3951,sample#3952,sample#3953,sample#3954,sample#3955,sample#3956,sample#3957,sample#3958,sample#3959,sample#3960,sample#3961,sample#3962,sample#3963,sample#3964,sample#3965,sample#3966,sample#3967,sample#3968,sample#3969,sample#3970,sample#3971,sample#3972,sample#3973,sample#3974,sample#3975,sample#3976,sample#3977,sample#3978,sample#3979,sample#3980,sample#3981,sample#3982,sample#3983,sample#3984,sample#3985,sample#3986,sample#3987,sample#3988,sample#3989,sample#3990,sample#3991,sample#3992,sample#3993,sample#3994,sample#3995,sample#3996,sample#3997,sample#3998,sample#3999,sample#4000,sample#4001,sample#4002,sample#4003,sample#4004,sample#4005,sample#4006,sample#4007,sample#4008,sample#4009,sample#4010,sample#4011,sample#4012,sample#4013,sample#4014,sample#4015,sample#4016,sample#4017,sample#4018,sample#4019,sample#4020,sample#4021,sample#4022,sample#4023,sample#4024,sample#4025,sample#4026,sample#4027,sample#4028,sample#4029,sample#4030,sample#4031,sample#4032,sample#4033,sample#4034,sample#4035,sample#4036,sample#4037,sample#4038,sample#4039,sample#4040,sample#4041,sample#4042,sample#4043,sample#4044,sample#4045,sample#4046,sample#4047,sample#4048,sample#4049,sample#4050,sample#4051,sample#4052,sample#4053,sample#4054,sample#4055,sample#4056,sample#4057,sample#4058,sample#4059,sample#4060,sample#4061,sample#4062,sample#4063,sample#4064,sample#4065,sample#4066,sample#4067,sample#4068,sample#4069,sample#4070,sample#4071,sample#4072,sample#4073,sample#4074,sample#4075,sample#4076,sample#4077,sample#4078,sample#4079,sample#4080,sample#4081,sample#4082,sample#4083,sample#4084,sample#4085,sample#4086,sample#4087,sample#4088,sample#4089,sample#4090,sample#4091,sample#4092,sample#4093,sample#4094,sample#4095,sample#4096,sample#4097,sample#4098,sample#4099,sample#4100,sample#4101,sample#4102,sample#4103,sample#4104,sample#4105,sample#4106,sample#4107,sample#4108,sample#4109,sample#4110,sample#4111,sample#4112,sample#4113,sample#4114,sample#4115,sample#4116,sample#4117,sample#4118,sample#4119,sample#4120,sample#4121,sample#4122,sample#4123,sample#4124,sample#4125,sample#4126,sample#4127,sample#4128,sample#4129,sample#4130,sample#4131,sample#4132,sample#4133,sample#4134,sample#4135,sample#4136,sample#4137,sample#4138,sample#4139,sample#4140,sample#4141,sample#4142,sample#4143,sample#4144,sample#4145,sample#4146,sample#4147,sample#4148,sample#4149,sample#4150,sample#4151,sample#4152,sample#4153,sample#4154,sample#4155,sample#4156,sample#4157,sample#4158,sample#4159,sample#4160,sample#4161,sample#4162,sample#4163,sample#4164,sample#4165,sample#4166,sample#4167,sample#4168,sample#4169,sample#4170,sample#4171,sample#4172,sample#4173,sample#4174,sample#4175,sample#4176,sample#4177,sample#4178,sample#4179,sample#4180,sample#4181,sample#4182,sample#4183,sample#4184,sample#4185,sample#4186,sample#4187,sample#4188,sample#4189,sample#4190,sample#4191,sample#4192,sample#4193,sample#4194,sample#4195,sample#4196,sample#4197,sample#4198,sample#4199,sample#4200,sample#4201,sample#4202,sample#4203,sample#4204,sample#4205,sample#4206,sample#4207,sample#4208,sample#4209,sample#4210,sample#4211,sample#4212,sample#4213,sample#4214,sample#4215,sample#4216,sample#4217,sample#4218,sample#4219,sample#4220,sample#4221,sample#4222,sample#4223,sample#4224,sample#4225,sample#4226,sample#4227,sample#4228,sample#4229,sample#4230,sample#4231,sample#4232,sample#4233,sample#4234,sample#4235,sample#4236,sample#4237,sample#4238,sample#4239,sample#4240,sample#4241,sample#4242,sample#4243,sample#4244,sample#4245,sample#4246,sample#4247,sample#4248,sample#4249,sample#4250,sample#4251,sample#4252,sample#4253,sample#4254,sample#4255,sample#4256,sample#4257,sample#4258,sample#4259,sample#4260,sample#4261,sample#4262,sample#4263,sample#4264,sample#4265,sample#4266,sample#4267,sample#4268,sample#4269,sample#4270,sample#4271,sample#4272,sample#4273,sample#4274,sample#4275,sample#4276,sample#4277,sample#4278,sample#4279,sample#4280,sample#4281,sample#4282,sample#4283,sample#4284,sample#4285,sample#4286,sample#4287,sample#4288,sample#4289,sample#4290,sample#4291,sample#4292,sample#4293,sample#4294,sample#4295,sample#4296,sample#4297,sample#4298,sample#4299,sample#4300,sample#4301,sample#4302,sample#4303,sample#4304,sample#4305,sample#4306,sample#4307,sample#4308,sample#4309,sample#4310,sample#4311,sample#4312,sample#4313,sample#4314,sample#4315,sample#4316,sample#4317,sample#4318,sample#4319,sample#4320,sample#4321,sample#4322,sample#4323,sample#4324,sample#4325,sample#4326,sample#4327,sample#4328,sample#4329,sample#4330,sample#4331,sample#4332,sample#4333,sample#4334,sample#4335,sample#4336,sample#4337,sample#4338,sample#4339,sample#4340,sample#4341,sample#4342,sample#4343,sample#4344,sample#4345,sample#4346,sample#4347,sample#4348,sample#4349,sample#4350,sample#4351,sample#4352,sample#4353,sample#4354,sample#4355,sample#4356,sample#4357,sample#4358,sample#4359,sample#4360,sample#4361,sample#4362,sample#4363,sample#4364,sample#4365,sample#4366,sample#4367,sample#4368,sample#4369,sample#4370,sample#4371,sample#4372,sample#4373,sample#4374,sample#4375,sample#4376,sample#4377,sample#4378,sample#4379,sample#4380,sample#4381,sample#4382,sample#4383,sample#4384,sample#4385,sample#4386,sample#4387,sample#4388,sample#4389,sample#4390,sample#4391,sample#4392,sample#4393,sample#4394,sample#4395,sample#4396,sample#4397,sample#4398,sample#4399,sample#4400,sample#4401,sample#4402,sample#4403,sample#4404,sample#4405,sample#4406,sample#4407,sample#4408,sample#4409,sample#4410,sample#4411,sample#4412,sample#4413,sample#4414,sample#4415,sample#4416,sample#4417,sample#4418,sample#4419,sample#4420,sample#4421,sample#4422,sample#4423,sample#4424,sample#4425,sample#4426,sample#4427,sample#4428,sample#4429,sample#4430,sample#4431,sample#4432,sample#4433,sample#4434,sample#4435,sample#4436,sample#4437,sample#4438,sample#4439,sample#4440,sample#4441,sample#4442,sample#4443,sample#4444,sample#4445,sample#4446,sample#4447,sample#4448,sample#4449,sample#4450,sample#4451,sample#4452,sample#4453,sample#4454,sample#4455,sample#4456,sample#4457,sample#4458,sample#4459,sample#4460,sample#4461,sample#4462,sample#4463,sample#4464,sample#4465,sample#4466,sample#4467,sample#4468,sample#4469,sample#4470,sample#4471,sample#4472,sample#4473,sample#4474,sample#4475,sample#4476,sample#4477,sample#4478,sample#4479,sample#4480,sample#4481,sample#4482,sample#4483,sample#4484,sample#4485,sample#4486,sample#4487,sample#4488,sample#4489,sample#4490,sample#4491,sample#4492,sample#4493,sample#4494,sample#4495,sample#4496,sample#4497,sample#4498,sample#4499,sample#4500,sample#4501,sample#4502,sample#4503,sample#4504,sample#4505,sample#4506,sample#4507,sample#4508,sample#4509,sample#4510,sample#4511,sample#4512,sample#4513,sample#4514,sample#4515,sample#4516,sample#4517,sample#4518,sample#4519,sample#4520,sample#4521,sample#4522,sample#4523,sample#4524,sample#4525,sample#4526,sample#4527,sample#4528,sample#4529,sample#4530,sample#4531,sample#4532,sample#4533,sample#4534,sample#4535,sample#4536,sample#4537,sample#4538,sample#4539,sample#4540,sample#4541,sample#4542,sample#4543,sample#4544,sample#4545,sample#4546,sample#4547,sample#4548,sample#4549,sample#4550,sample#4551,sample#4552,sample#4553,sample#4554,sample#4555,sample#4556,sample#4557,sample#4558,sample#4559,sample#4560,sample#4561,sample#4562,sample#4563,sample#4564,sample#4565,sample#4566,sample#4567,sample#4568,sample#4569,sample#4570,sample#4571,sample#4572,sample#4573,sample#4574,sample#4575,sample#4576,sample#4577,sample#4578,sample#4579,sample#4580,sample#4581,sample#4582,sample#4583,sample#4584,sample#4585,sample#4586,sample#4587,sample#4588,sample#4589,sample#4590,sample#4591,sample#4592,sample#4593,sample#4594,sample#4595,sample#4596,sample#4597,sample#4598,sample#4599,sample#4600,sample#4601,sample#4602,sample#4603,sample#4604,sample#4605,sample#4606,sample#4607,sample#4608,sample#4609,sample#4610,sample#4611,sample#4612,sample#4613,sample#4614,sample#4615,sample#4616,sample#4617,sample#4618,sample#4619,sample#4620,sample#4621,sample#4622,sample#4623,sample#4624,sample#4625,sample#4626,sample#4627,sample#4628,sample#4629,sample#4630,sample#4631,sample#4632,sample#4633,sample#4634,sample#4635,sample#4636,sample#4637,sample#4638,sample#4639,sample#4640,sample#4641,sample#4642,sample#4643,sample#4644,sample#4645,sample#4646,sample#4647,sample#4648,sample#4649,sample#4650,sample#4651,sample#4652,sample#4653,sample#4654,sample#4655,sample#4656,sample#4657,sample#4658,sample#4659,sample#4660,sample#4661,sample#4662,sample#4663,sample#4664,sample#4665,sample#4666,sample#4667,sample#4668,sample#4669,sample#4670,sample#4671,sample#4672,sample#4673,sample#4674,sample#4675,sample#4676,sample#4677,sample#4678,sample#4679,sample#4680,sample#4681,sample#4682,sample#4683,sample#4684,sample#4685,sample#4686,sample#4687,sample#4688,sample#4689,sample#4690,sample#4691,sample#4692,sample#4693,sample#4694,sample#4695,sample#4696,sample#4697,sample#4698,sample#4699,sample#4700,sample#4701,sample#4702,sample#4703,sample#4704,sample#4705,sample#4706,sample#4707,sample#4708,sample#4709,sample#4710,sample#4711,sample#4712,sample#4713,sample#4714,sample#4715,sample#4716,sample#4717,sample#4718,sample#4719,sample#4720,sample#4721,sample#4722,sample#4723,sample#4724,sample#4725,sample#4726,sample#4727,sample#4728,sample#4729,sample#4730,sample#4731,sample#4732,sample#4733,sample#4734,sample#4735,sample#4736,sample#4737,sample#4738,sample#4739,sample#4740,sample#4741,sample#4742,sample#4743,sample#4744,sample#4745,sample#4746,sample#4747,sample#4748,sample#4749,sample#4750,sample#4751,sample#4752,sample#4753,sample#4754,sample#4755,sample#4756,sample#4757,sample#4758,sample#4759,sample#4760,sample#4761,sample#4762,sample#4763,sample#4764,sample#4765,sample#4766,sample#4767,sample#4768,sample#4769,sample#4770,sample#4771,sample#4772,sample#4773,sample#4774,sample#4775,sample#4776,sample#4777,sample#4778,sample#4779,sample#4780,sample#4781,sample#4782,sample#4783,sample#4784,sample#4785,sample#4786,sample#4787,sample#4788,sample#4789,sample#4790,sample#4791,sample#4792,sample#4793,sample#4794,sample#4795,sample#4796,sample#4797,sample#4798,sample#4799,sample#4800,sample#4801,sample#4802,sample#4803,sample#4804,sample#4805,sample#4806,sample#4807,sample#4808,sample#4809,sample#4810,sample#4811,sample#4812,sample#4813,sample#4814,sample#4815,sample#4816,sample#4817,sample#4818,sample#4819,sample#4820,sample#4821,sample#4822,sample#4823,sample#4824,sample#4825,sample#4826,sample#4827,sample#4828,sample#4829,sample#4830,sample#4831,sample#4832,sample#4833,sample#4834,sample#4835,sample#4836,sample#4837,sample#4838,sample#4839,sample#4840,sample#4841,sample#4842,sample#4843,sample#4844,sample#4845,sample#4846,sample#4847,sample#4848,sample#4849,sample#4850,sample#4851,sample#4852,sample#4853,sample#4854,sample#4855,sample#4856,sample#4857,sample#4858,sample#4859,sample#4860,sample#4861,sample#4862,sample#4863,sample#4864,sample#4865,sample#4866,sample#4867,sample#4868,sample#4869,sample#4870,sample#4871,sample#4872,sample#4873,sample#4874,sample#4875,sample#4876,sample#4877,sample#4878,sample#4879,sample#4880,sample#4881,sample#4882,sample#4883,sample#4884,sample#4885,sample#4886,sample#4887,sample#4888,sample#4889,sample#4890,sample#4891,sample#4892,sample#4893,sample#4894,sample#4895,sample#4896,sample#4897,sample#4898,sample#4899,sample#4900,sample#4901,sample#4902,sample#4903,sample#4904,sample#4905,sample#4906,sample#4907,sample#4908,sample#4909,sample#4910,sample#4911,sample#4912,sample#4913,sample#4914,sample#4915,sample#4916,sample#4917,sample#4918,sample#4919,sample#4920,sample#4921,sample#4922,sample#4923,sample#4924,sample#4925,sample#4926,sample#4927,sample#4928,sample#4929,sample#4930,sample#4931,sample#4932,sample#4933,sample#4934,sample#4935,sample#4936,sample#4937,sample#4938,sample#4939,sample#4940,sample#4941,sample#4942,sample#4943,sample#4944,sample#4945,sample#4946,sample#4947,sample#4948,sample#4949,sample#4950,sample#4951,sample#4952,sample#4953,sample#4954,sample#4955,sample#4956,sample#4957,sample#4958,sample#4959,sample#4960,sample#4961,sample#4962,sample#4963,sample#4964,sample#4965,sample#4966,sample#4967,sample#4968,sample#4969,sample#4970,sample#4971,sample#4972,sample#4973,sample#4974,sample#4975,sample#4976,sample#4977,sample#4978,sample#4979,sample#4980,sample#4981,sample#4982,sample#4983,sample#4984,sample#4985,sample#4986,sample#4987,sample#4988,sample#4989,sample#4990,sample#4991,sample#4992,sample#4993,sample#4994,sample#4995,sample#4996,sample#4997,sample#4998,sample#4999,sample#5000,sample#5001,sample#5002,sample#5003,sample#5004,sample#5005,sample#5006,sample#5007,sample#5008,sample#5009,sample#5010,sample#5011,sample#5012,sample#5013,sample#5014,sample#5015,sample#5016,sample#5017,sample#5018,sample#5019,sample#5020,sample#5021,sample#5022,sample#5023,sample#5024,sample#5025,sample#5026,sample#5027,sample#5028,sample#5029,sample#5030,sample#5031,sample#5032,sample#5033,sample#5034,sample#5035,sample#5036,sample#5037,sample#5038,sample#5039,sample#5040,sample#5041,sample#5042,sample#5043,sample#5044,sample#5045,sample#5046,sample#5047,sample#5048,sample#5049,sample#5050,sample#5051,sample#5052,sample#5053,sample#5054,sample#5055,sample#5056,sample#5057,sample#5058,sample#5059,sample#5060,sample#5061,sample#5062,sample#5063,sample#5064,sample#5065,sample#5066,sample#5067,sample#5068,sample#5069,sample#5070,sample#5071,sample#5072,sample#5073,sample#5074,sample#5075,sample#5076,sample#5077,sample#5078,sample#5079,sample#5080,sample#5081,sample#5082,sample#5083,sample#5084,sample#5085,sample#5086,sample#5087,sample#5088,sample#5089,sample#5090,sample#5091,sample#5092,sample#5093,sample#5094,sample#5095,sample#5096,sample#5097,sample#5098,sample#5099,sample#5100,sample#5101,sample#5102,sample#5103,sample#5104,sample#5105,sample#5106,sample#5107,sample#5108,sample#5109,sample#5110,sample#5111,sample#5112,sample#5113,sample#5114,sample#5115,sample#5116,sample#5117,sample#5118,sample#5119,sample#5120,sample#5121,sample#5122,sample#5123,sample#5124,sample#5125,sample#5126,sample#5127,sample#5128,sample#5129,sample#5130,sample#5131,sample#5132,sample#5133,sample#5134,sample#5135,sample#5136,sample#5137,sample#5138,sample#5139,sample#5140,sample#5141,sample#5142,sample#5143,sample#5144,sample#5145,sample#5146,sample#5147,sample#5148,sample#5149,sample#5150,sample#5151,sample#5152,sample#5153,sample#5154,sample#5155,sample#5156,sample#5157,sample#5158,sample#5159,sample#5160,sample#5161,sample#5162,sample#5163,sample#5164,sample#5165,sample#5166,sample#5167,sample#5168,sample#5169,sample#5170,sample#5171,sample#5172,sample#5173,sample#5174,sample#5175,sample#5176,sample#5177,sample#5178,sample#5179,sample#5180,sample#5181,sample#5182,sample#5183,sample#5184,sample#5185,sample#5186,sample#5187,sample#5188,sample#5189,sample#5190,sample#5191,sample#5192,sample#5193,sample#5194,sample#5195,sample#5196,sample#5197,sample#5198,sample#5199,sample#5200,sample#5201,sample#5202,sample#5203,sample#5204,sample#5205,sample#5206,sample#5207,sample#5208,sample#5209,sample#5210,sample#5211,sample#5212,sample#5213,sample#5214,sample#5215,sample#5216,sample#5217,sample#5218,sample#5219,sample#5220,sample#5221,sample#5222,sample#5223,sample#5224,sample#5225,sample#5226,sample#5227,sample#5228,sample#5229,sample#5230,sample#5231,sample#5232,sample#5233,sample#5234,sample#5235,sample#5236,sample#5237,sample#5238,sample#5239,sample#5240,sample#5241,sample#5242,sample#5243,sample#5244,sample#5245,sample#5246,sample#5247,sample#5248,sample#5249,sample#5250,sample#5251,sample#5252,sample#5253,sample#5254,sample#5255,sample#5256,sample#5257,sample#5258,sample#5259,sample#5260,sample#5261,sample#5262,sample#5263,sample#5264,sample#5265,sample#5266,sample#5267,sample#5268,sample#5269,sample#5270,sample#5271,sample#5272,sample#5273,sample#5274,sample#5275,sample#5276,sample#5277,sample#5278,sample#5279,sample#5280,sample#5281,sample#5282,sample#5283,sample#5284,sample#5285,sample#5286,sample#5287,sample#5288,sample#5289,sample#5290,sample#5291,sample#5292,sample#5293,sample#5294,sample#5295,sample#5296,sample#5297,sample#5298,sample#5299,sample#5300,sample#5301,sample#5302,sample#5303,sample#5304,sample#5305,sample#5306,sample#5307,sample#5308,sample#5309,sample#5310,sample#5311,sample#5312,sample#5313,sample#5314,sample#5315,sample#5316,sample#5317,sample#5318,sample#5319,sample#5320,sample#5321,sample#5322,sample#5323,sample#5324,sample#5325,sample#5326,sample#5327,sample#5328,sample#5329,sample#5330,sample#5331,sample#5332,sample#5333,sample#5334,sample#5335,sample#5336,sample#5337,sample#5338,sample#5339,sample#5340,sample#5341,sample#5342,sample#5343,sample#5344,sample#5345,sample#5346,sample#5347,sample#5348,sample#5349,sample#5350,sample#5351,sample#5352,sample#5353,sample#5354,sample#5355,sample#5356,sample#5357,sample#5358,sample#5359,sample#5360,sample#5361,sample#5362,sample#5363,sample#5364,sample#5365,sample#5366,sample#5367,sample#5368,sample#5369,sample#5370,sample#5371,sample#5372,sample#5373,sample#5374,sample#5375,sample#5376,sample#5377,sample#5378,sample#5379,sample#5380,sample#5381,sample#5382,sample#5383,sample#5384,sample#5385,sample#5386,sample#5387,sample#5388,sample#5389,sample#5390,sample#5391,sample#5392,sample#5393,sample#5394,sample#5395,sample#5396,sample#5397,sample#5398,sample#5399,sample#5400,sample#5401,sample#5402,sample#5403,sample#5404,sample#5405,sample#5406,sample#5407,sample#5408,sample#5409,sample#5410,sample#5411,sample#5412,sample#5413,sample#5414,sample#5415,sample#5416,sample#5417,sample#5418,sample#5419,sample#5420,sample#5421,sample#5422,sample#5423,sample#5424,sample#5425,sample#5426,sample#5427,sample#5428,sample#5429,sample#5430,sample#5431,sample#5432,sample#5433,sample#5434,sample#5435,sample#5436,sample#5437,sample#5438,sample#5439,sample#5440,sample#5441,sample#5442,sample#5443,sample#5444,sample#5445,sample#5446,sample#5447,sample#5448,sample#5449,sample#5450,sample#5451,sample#5452,sample#5453,sample#5454,sample#5455,sample#5456,sample#5457,sample#5458,sample#5459,sample#5460,sample#5461,sample#5462,sample#5463,sample#5464,sample#5465,sample#5466,sample#5467,sample#5468,sample#5469,sample#5470,sample#5471,sample#5472,sample#5473,sample#5474,sample#5475,sample#5476,sample#5477,sample#5478,sample#5479,sample#5480,sample#5481,sample#5482,sample#5483,sample#5484,sample#5485,sample#5486,sample#5487,sample#5488,sample#5489,sample#5490,sample#5491,sample#5492,sample#5493,sample#5494,sample#5495,sample#5496,sample#5497,sample#5498,sample#5499,sample#5500,sample#5501,sample#5502,sample#5503,sample#5504,sample#5505,sample#5506,sample#5507,sample#5508,sample#5509,sample#5510,sample#5511,sample#5512,sample#5513,sample#5514,sample#5515,sample#5516,sample#5517,sample#5518,sample#5519,sample#5520,sample#5521,sample#5522,sample#5523,sample#5524,sample#5525,sample#5526,sample#5527,sample#5528,sample#5529,sample#5530,sample#5531,sample#5532,sample#5533,sample#5534,sample#5535,sample#5536,sample#5537,sample#5538,sample#5539,sample#5540,sample#5541,sample#5542,sample#5543,sample#5544,sample#5545,sample#5546,sample#5547,sample#5548,sample#5549,sample#5550,sample#5551,sample#5552,sample#5553,sample#5554,sample#5555,sample#5556,sample#5557,sample#5558,sample#5559,sample#5560,sample#5561,sample#5562,sample#5563,sample#5564,sample#5565,sample#5566,sample#5567,sample#5568,sample#5569,sample#5570,sample#5571,sample#5572,sample#5573,sample#5574,sample#5575,sample#5576,sample#5577,sample#5578,sample#5579,sample#5580,sample#5581,sample#5582,sample#5583,sample#5584,sample#5585,sample#5586,sample#5587,sample#5588,sample#5589,sample#5590,sample#5591,sample#5592,sample#5593,sample#5594,sample#5595,sample#5596,sample#5597,sample#5598,sample#5599,sample#5600,sample#5601,sample#5602,sample#5603,sample#5604,sample#5605,sample#5606,sample#5607,sample#5608,sample#5609,sample#5610,sample#5611,sample#5612,sample#5613,sample#5614,sample#5615,sample#5616,sample#5617,sample#5618,sample#5619,sample#5620,sample#5621,sample#5622,sample#5623,sample#5624,sample#5625,sample#5626,sample#5627,sample#5628,sample#5629,sample#5630,sample#5631,sample#5632,sample#5633,sample#5634,sample#5635,sample#5636,sample#5637,sample#5638,sample#5639,sample#5640,sample#5641,sample#5642,sample#5643,sample#5644,sample#5645,sample#5646,sample#5647,sample#5648,sample#5649,sample#5650,sample#5651,sample#5652,sample#5653,sample#5654,sample#5655,sample#5656,sample#5657,sample#5658,sample#5659,sample#5660,sample#5661,sample#5662,sample#5663,sample#5664,sample#5665,sample#5666,sample#5667,sample#5668,sample#5669,sample#5670,sample#5671,sample#5672,sample#5673,sample#5674,sample#5675,sample#5676,sample#5677,sample#5678,sample#5679,sample#5680,sample#5681,sample#5682,sample#5683,sample#5684,sample#5685,sample#5686,sample#5687,sample#5688,sample#5689,sample#5690,sample#5691,sample#5692,sample#5693,sample#5694,sample#5695,sample#5696,sample#5697,sample#5698,sample#5699,sample#5700,sample#5701,sample#5702,sample#5703,sample#5704,sample#5705,sample#5706,sample#5707,sample#5708,sample#5709,sample#5710,sample#5711,sample#5712,sample#5713,sample#5714,sample#5715,sample#5716,sample#5717,sample#5718,sample#5719,sample#5720,sample#5721,sample#5722,sample#5723,sample#5724,sample#5725,sample#5726,sample#5727,sample#5728,sample#5729,sample#5730,sample#5731,sample#5732,sample#5733,sample#5734,sample#5735,sample#5736,sample#5737,sample#5738,sample#5739,sample#5740,sample#5741,sample#5742,sample#5743,sample#5744,sample#5745,sample#5746,sample#5747,sample#5748,sample#5749,sample#5750,sample#5751,sample#5752,sample#5753,sample#5754,sample#5755,sample#5756,sample#5757,sample#5758,sample#5759,sample#5760,sample#5761,sample#5762,sample#5763,sample#5764,sample#5765,sample#5766,sample#5767,sample#5768,sample#5769,sample#5770,sample#5771,sample#5772,sample#5773,sample#5774,sample#5775,sample#5776,sample#5777,sample#5778,sample#5779,sample#5780,sample#5781,sample#5782,sample#5783,sample#5784,sample#5785,sample#5786,sample#5787,sample#5788,sample#5789,sample#5790,sample#5791,sample#5792,sample#5793,sample#5794,sample#5795,sample#5796,sample#5797,sample#5798,sample#5799,sample#5800,sample#5801,sample#5802,sample#5803,sample#5804,sample#5805,sample#5806,sample#5807,sample#5808,sample#5809,sample#5810,sample#5811,sample#5812,sample#5813,sample#5814,sample#5815,sample#5816,sample#5817,sample#5818,sample#5819,sample#5820,sample#5821,sample#5822,sample#5823,sample#5824,sample#5825,sample#5826,sample#5827,sample#5828,sample#5829,sample#5830,sample#5831,sample#5832,sample#5833,sample#5834,sample#5835,sample#5836,sample#5837,sample#5838,sample#5839,sample#5840,sample#5841,sample#5842,sample#5843,sample#5844,sample#5845,sample#5846,sample#5847,sample#5848,sample#5849,sample#5850,sample#5851,sample#5852,sample#5853,sample#5854,sample#5855,sample#5856,sample#5857,sample#5858,sample#5859,sample#5860,sample#5861,sample#5862,sample#5863,sample#5864,sample#5865,sample#5866,sample#5867,sample#5868,sample#5869,sample#5870,sample#5871,sample#5872,sample#5873,sample#5874,sample#5875,sample#5876,sample#5877,sample#5878,sample#5879,sample#5880,sample#5881,sample#5882,sample#5883,sample#5884,sample#5885,sample#5886,sample#5887,sample#5888,sample#5889,sample#5890,sample#5891,sample#5892,sample#5893,sample#5894,sample#5895,sample#5896,sample#5897,sample#5898,sample#5899,sample#5900,sample#5901,sample#5902,sample#5903,sample#5904,sample#5905,sample#5906,sample#5907,sample#5908,sample#5909,sample#5910,sample#5911,sample#5912,sample#5913,sample#5914,sample#5915,sample#5916,sample#5917,sample#5918,sample#5919,sample#5920,sample#5921,sample#5922,sample#5923,sample#5924,sample#5925,sample#5926,sample#5927,sample#5928,sample#5929,sample#5930,sample#5931,sample#5932,sample#5933,sample#5934,sample#5935,sample#5936,sample#5937,sample#5938,sample#5939,sample#5940,sample#5941,sample#5942,sample#5943,sample#5944,sample#5945,sample#5946,sample#5947,sample#5948,sample#5949,sample#5950,sample#5951,sample#5952,sample#5953,sample#5954,sample#5955,sample#5956,sample#5957,sample#5958,sample#5959,sample#5960,sample#5961,sample#5962,sample#5963,sample#5964,sample#5965,sample#5966,sample#5967,sample#5968,sample#5969,sample#5970,sample#5971,sample#5972,sample#5973,sample#5974,sample#5975,sample#5976,sample#5977,sample#5978,sample#5979,sample#5980,sample#5981,sample#5982,sample#5983,sample#5984,sample#5985,sample#5986,sample#5987,sample#5988,sample#5989,sample#5990,sample#5991,sample#5992,sample#5993,sample#5994,sample#5995,sample#5996,sample#5997,sample#5998,sample#5999,sample#6000,sample#6001,sample#6002,sample#6003,sample#6004,sample#6005,sample#6006,sample#6007,sample#6008,sample#6009,sample#6010,sample#6011,sample#6012,sample#6013,sample#6014,sample#6015,sample#6016,sample#6017,sample#6018,sample#6019,sample#6020,sample#6021,sample#6022,sample#6023,sample#6024,sample#6025,sample#6026,sample#6027,sample#6028,sample#6029,sample#6030,sample#6031,sample#6032,sample#6033,sample#6034,sample#6035,sample#6036,sample#6037,sample#6038,sample#6039,sample#6040,sample#6041,sample#6042,sample#6043,sample#6044,sample#6045,sample#6046,sample#6047,sample#6048,sample#6049,sample#6050,sample#6051,sample#6052,sample#6053,sample#6054,sample#6055,sample#6056,sample#6057,sample#6058,sample#6059,sample#6060,sample#6061,sample#6062,sample#6063,sample#6064,sample#6065,sample#6066,sample#6067,sample#6068,sample#6069,sample#6070,sample#6071,sample#6072,sample#6073,sample#6074,sample#6075,sample#6076,sample#6077,sample#6078,sample#6079,sample#6080,sample#6081,sample#6082,sample#6083,sample#6084,sample#6085,sample#6086,sample#6087,sample#6088,sample#6089,sample#6090,sample#6091,sample#6092,sample#6093,sample#6094,sample#6095,sample#6096,sample#6097,sample#6098,sample#6099,sample#6100,sample#6101,sample#6102,sample#6103,sample#6104,sample#6105,sample#6106,sample#6107,sample#6108,sample#6109,sample#6110,sample#6111,sample#6112,sample#6113,sample#6114,sample#6115,sample#6116,sample#6117,sample#6118,sample#6119,sample#6120,sample#6121,sample#6122,sample#6123,sample#6124,sample#6125,sample#6126,sample#6127,sample#6128,sample#6129,sample#6130,sample#6131,sample#6132,sample#6133,sample#6134,sample#6135,sample#6136,sample#6137,sample#6138,sample#6139,sample#6140,sample#6141,sample#6142,sample#6143,sample#6144,sample#6145,sample#6146,sample#6147,sample#6148,sample#6149,sample#6150,sample#6151,sample#6152,sample#6153,sample#6154,sample#6155,sample#6156,sample#6157,sample#6158,sample#6159,sample#6160,sample#6161,sample#6162,sample#6163,sample#6164,sample#6165,sample#6166,sample#6167,sample#6168,sample#6169,sample#6170,sample#6171,sample#6172,sample#6173,sample#6174,sample#6175,sample#6176,sample#6177,sample#6178,sample#6179,sample#6180,sample#6181,sample#6182,sample#6183,sample#6184,sample#6185,sample#6186,sample#6187,sample#6188,sample#6189,sample#6190,sample#6191,sample#6192,sample#6193,sample#6194,sample#6195,sample#6196,sample#6197,sample#6198,sample#6199,sample#6200,sample#6201,sample#6202,sample#6203,sample#6204,sample#6205,sample#6206,sample#6207,sample#6208,sample#6209,sample#6210,sample#6211,sample#6212,sample#6213,sample#6214,sample#6215,sample#6216,sample#6217,sample#6218,sample#6219,sample#6220,sample#6221,sample#6222,sample#6223,sample#6224,sample#6225,sample#6226,sample#6227,sample#6228,sample#6229,sample#6230,sample#6231,sample#6232,sample#6233,sample#6234,sample#6235,sample#6236,sample#6237,sample#6238,sample#6239,sample#6240,sample#6241,sample#6242,sample#6243,sample#6244,sample#6245,sample#6246,sample#6247,sample#6248,sample#6249,sample#6250,sample#6251,sample#6252,sample#6253,sample#6254,sample#6255,sample#6256,sample#6257,sample#6258,sample#6259,sample#6260,sample#6261,sample#6262,sample#6263,sample#6264,sample#6265,sample#6266,sample#6267,sample#6268,sample#6269,sample#6270,sample#6271,sample#6272,sample#6273,sample#6274,sample#6275,sample#6276,sample#6277,sample#6278,sample#6279,sample#6280,sample#6281,sample#6282,sample#6283,sample#6284,sample#6285,sample#6286,sample#6287,sample#6288,sample#6289,sample#6290,sample#6291,sample#6292,sample#6293,sample#6294,sample#6295,sample#6296,sample#6297,sample#6298,sample#6299,sample#6300,sample#6301,sample#6302,sample#6303,sample#6304,sample#6305,sample#6306,sample#6307,sample#6308,sample#6309,sample#6310,sample#6311,sample#6312,sample#6313,sample#6314,sample#6315,sample#6316,sample#6317,sample#6318,sample#6319,sample#6320,sample#6321,sample#6322,sample#6323,sample#6324,sample#6325,sample#6326,sample#6327,sample#6328,sample#6329,sample#6330,sample#6331,sample#6332,sample#6333,sample#6334,sample#6335,sample#6336,sample#6337,sample#6338,sample#6339,sample#6340,sample#6341,sample#6342,sample#6343,sample#6344,sample#6345,sample#6346,sample#6347,sample#6348,sample#6349,sample#6350,sample#6351,sample#6352,sample#6353,sample#6354,sample#6355,sample#6356,sample#6357,sample#6358,sample#6359,sample#6360,sample#6361,sample#6362,sample#6363,sample#6364,sample#6365,sample#6366,sample#6367,sample#6368,sample#6369,sample#6370,sample#6371,sample#6372,sample#6373,sample#6374,sample#6375,sample#6376,sample#6377,sample#6378,sample#6379,sample#6380,sample#6381,sample#6382,sample#6383,sample#6384,sample#6385,sample#6386,sample#6387,sample#6388,sample#6389,sample#6390,sample#6391,sample#6392,sample#6393,sample#6394,sample#6395,sample#6396,sample#6397,sample#6398,sample#6399,sample#6400,sample#6401,sample#6402,sample#6403,sample#6404,sample#6405,sample#6406,sample#6407,sample#6408,sample#6409,sample#6410,sample#6411,sample#6412,sample#6413,sample#6414,sample#6415,sample#6416,sample#6417,sample#6418,sample#6419,sample#6420,sample#6421,sample#6422,sample#6423,sample#6424,sample#6425,sample#6426,sample#6427,sample#6428,sample#6429,sample#6430,sample#6431,sample#6432,sample#6433,sample#6434,sample#6435,sample#6436,sample#6437,sample#6438,sample#6439,sample#6440,sample#6441,sample#6442,sample#6443,sample#6444,sample#6445,sample#6446,sample#6447,sample#6448,sample#6449,sample#6450,sample#6451,sample#6452,sample#6453,sample#6454,sample#6455,sample#6456,sample#6457,sample#6458,sample#6459,sample#6460,sample#6461,sample#6462,sample#6463,sample#6464,sample#6465,sample#6466,sample#6467,sample#6468,sample#6469,sample#6470,sample#6471,sample#6472,sample#6473,sample#6474,sample#6475,sample#6476,sample#6477,sample#6478,sample#6479,sample#6480,sample#6481,sample#6482,sample#6483,sample#6484,sample#6485,sample#6486,sample#6487,sample#6488,sample#6489,sample#6490,sample#6491,sample#6492,sample#6493,sample#6494,sample#6495,sample#6496,sample#6497,sample#6498,sample#6499,sample#6500,sample#6501,sample#6502,sample#6503,sample#6504,sample#6505,sample#6506,sample#6507,sample#6508,sample#6509,sample#6510,sample#6511,sample#6512,sample#6513,sample#6514,sample#6515,sample#6516,sample#6517,sample#6518,sample#6519,sample#6520,sample#6521,sample#6522,sample#6523,sample#6524,sample#6525,sample#6526,sample#6527,sample#6528,sample#6529,sample#6530,sample#6531,sample#6532,sample#6533,sample#6534,sample#6535,sample#6536,sample#6537,sample#6538,sample#6539,sample#6540,sample#6541,sample#6542,sample#6543,sample#6544,sample#6545,sample#6546,sample#6547,sample#6548,sample#6549,sample#6550,sample#6551,sample#6552,sample#6553,sample#6554,sample#6555,sample#6556,sample#6557,sample#6558,sample#6559,sample#6560,sample#6561,sample#6562,sample#6563,sample#6564,sample#6565,sample#6566,sample#6567,sample#6568,sample#6569,sample#6570,sample#6571,sample#6572,sample#6573,sample#6574,sample#6575,sample#6576,sample#6577,sample#6578,sample#6579,sample#6580,sample#6581,sample#6582,sample#6583,sample#6584,sample#6585,sample#6586,sample#6587,sample#6588,sample#6589,sample#6590,sample#6591,sample#6592,sample#6593,sample#6594,sample#6595,sample#6596,sample#6597,sample#6598,sample#6599,sample#6600,sample#6601,sample#6602,sample#6603,sample#6604,sample#6605,sample#6606,sample#6607,sample#6608,sample#6609,sample#6610,sample#6611,sample#6612,sample#6613,sample#6614,sample#6615,sample#6616,sample#6617,sample#6618,sample#6619,sample#6620,sample#6621,sample#6622,sample#6623,sample#6624,sample#6625,sample#6626,sample#6627,sample#6628,sample#6629,sample#6630,sample#6631,sample#6632,sample#6633,sample#6634,sample#6635,sample#6636,sample#6637,sample#6638,sample#6639,sample#6640,sample#6641,sample#6642,sample#6643,sample#6644,sample#6645,sample#6646,sample#6647,sample#6648,sample#6649,sample#6650,sample#6651,sample#6652,sample#6653,sample#6654,sample#6655,sample#6656,sample#6657,sample#6658,sample#6659,sample#6660,sample#6661,sample#6662,sample#6663,sample#6664,sample#6665,sample#6666,sample#6667,sample#6668,sample#6669,sample#6670,sample#6671,sample#6672,sample#6673,sample#6674,sample#6675,sample#6676,sample#6677,sample#6678,sample#6679,sample#6680,sample#6681,sample#6682,sample#6683,sample#6684,sample#6685,sample#6686,sample#6687,sample#6688,sample#6689,sample#6690,sample#6691,sample#6692,sample#6693,sample#6694,sample#6695,sample#6696,sample#6697,sample#6698,sample#6699,sample#6700,sample#6701,sample#6702,sample#6703,sample#6704,sample#6705,sample#6706,sample#6707,sample#6708,sample#6709,sample#6710,sample#6711,sample#6712,sample#6713,sample#6714,sample#6715,sample#6716,sample#6717,sample#6718,sample#6719,sample#6720,sample#6721,sample#6722,sample#6723,sample#6724,sample#6725,sample#6726,sample#6727,sample#6728,sample#6729,sample#6730,sample#6731,sample#6732,sample#6733,sample#6734,sample#6735,sample#6736,sample#6737,sample#6738,sample#6739,sample#6740,sample#6741,sample#6742,sample#6743,sample#6744,sample#6745,sample#6746,sample#6747,sample#6748,sample#6749,sample#6750,sample#6751,sample#6752,sample#6753,sample#6754,sample#6755,sample#6756,sample#6757,sample#6758,sample#6759,sample#6760,sample#6761,sample#6762,sample#6763,sample#6764,sample#6765,sample#6766,sample#6767,sample#6768,sample#6769,sample#6770,sample#6771,sample#6772,sample#6773,sample#6774,sample#6775,sample#6776,sample#6777,sample#6778,sample#6779,sample#6780,sample#6781,sample#6782,sample#6783,sample#6784,sample#6785,sample#6786,sample#6787,sample#6788,sample#6789,sample#6790,sample#6791,sample#6792,sample#6793,sample#6794,sample#6795,sample#6796,sample#6797,sample#6798,sample#6799,sample#6800,sample#6801,sample#6802,sample#6803,sample#6804,sample#6805,sample#6806,sample#6807,sample#6808,sample#6809,sample#6810,sample#6811,sample#6812,sample#6813,sample#6814,sample#6815,sample#6816,sample#6817,sample#6818,sample#6819,sample#6820,sample#6821,sample#6822,sample#6823,sample#6824,sample#6825,sample#6826,sample#6827,sample#6828,sample#6829,sample#6830,sample#6831,sample#6832,sample#6833,sample#6834,sample#6835,sample#6836,sample#6837,sample#6838,sample#6839,sample#6840,sample#6841,sample#6842,sample#6843,sample#6844,sample#6845,sample#6846,sample#6847,sample#6848,sample#6849,sample#6850,sample#6851,sample#6852,sample#6853,sample#6854,sample#6855,sample#6856,sample#6857,sample#6858,sample#6859,sample#6860,sample#6861,sample#6862,sample#6863,sample#6864,sample#6865,sample#6866,sample#6867,sample#6868,sample#6869,sample#6870,sample#6871,sample#6872,sample#6873,sample#6874,sample#6875,sample#6876,sample#6877,sample#6878,sample#6879,sample#6880,sample#6881,sample#6882,sample#6883,sample#6884,sample#6885,sample#6886,sample#6887,sample#6888,sample#6889,sample#6890,sample#6891,sample#6892,sample#6893,sample#6894,sample#6895,sample#6896,sample#6897,sample#6898,sample#6899,sample#6900,sample#6901,sample#6902,sample#6903,sample#6904,sample#6905,sample#6906,sample#6907,sample#6908,sample#6909,sample#6910,sample#6911,sample#6912,sample#6913,sample#6914,sample#6915,sample#6916,sample#6917,sample#6918,sample#6919,sample#6920,sample#6921,sample#6922,sample#6923,sample#6924,sample#6925,sample#6926,sample#6927,sample#6928,sample#6929,sample#6930,sample#6931,sample#6932,sample#6933,sample#6934,sample#6935,sample#6936,sample#6937,sample#6938,sample#6939,sample#6940,sample#6941,sample#6942,sample#6943,sample#6944,sample#6945,sample#6946,sample#6947,sample#6948,sample#6949,sample#6950,sample#6951,sample#6952,sample#6953,sample#6954,sample#6955,sample#6956,sample#6957,sample#6958,sample#6959,sample#6960,sample#6961,sample#6962,sample#6963,sample#6964,sample#6965,sample#6966,sample#6967,sample#6968,sample#6969,sample#6970,sample#6971,sample#6972,sample#6973,sample#6974,sample#6975,sample#6976,sample#6977,sample#6978,sample#6979,sample#6980,sample#6981,sample#6982,sample#6983,sample#6984,sample#6985,sample#6986,sample#6987,sample#6988,sample#6989,sample#6990,sample#6991,sample#6992,sample#6993,sample#6994,sample#6995,sample#6996,sample#6997,sample#6998,sample#6999,sample#7000,sample#7001,sample#7002,sample#7003,sample#7004,sample#7005,sample#7006,sample#7007,sample#7008,sample#7009,sample#7010,sample#7011,sample#7012,sample#7013,sample#7014,sample#7015,sample#7016,sample#7017,sample#7018,sample#7019,sample#7020,sample#7021,sample#7022,sample#7023,sample#7024,sample#7025,sample#7026,sample#7027,sample#7028,sample#7029,sample#7030,sample#7031,sample#7032,sample#7033,sample#7034,sample#7035,sample#7036,sample#7037,sample#7038,sample#7039,sample#7040,sample#7041,sample#7042,sample#7043,sample#7044,sample#7045,sample#7046,sample#7047,sample#7048,sample#7049,sample#7050,sample#7051,sample#7052,sample#7053,sample#7054,sample#7055,sample#7056,sample#7057,sample#7058,sample#7059,sample#7060,sample#7061,sample#7062,sample#7063,sample#7064,sample#7065,sample#7066,sample#7067,sample#7068,sample#7069,sample#7070,sample#7071,sample#7072,sample#7073,sample#7074,sample#7075,sample#7076,sample#7077,sample#7078,sample#7079,sample#7080,sample#7081,sample#7082,sample#7083,sample#7084,sample#7085,sample#7086,sample#7087,sample#7088,sample#7089,sample#7090,sample#7091,sample#7092,sample#7093,sample#7094,sample#7095,sample#7096,sample#7097,sample#7098,sample#7099,sample#7100,sample#7101,sample#7102,sample#7103,sample#7104,sample#7105,sample#7106,sample#7107,sample#7108,sample#7109,sample#7110,sample#7111,sample#7112,sample#7113,sample#7114,sample#7115,sample#7116,sample#7117,sample#7118,sample#7119,sample#7120,sample#7121,sample#7122,sample#7123,sample#7124,sample#7125,sample#7126,sample#7127,sample#7128,sample#7129,sample#7130,sample#7131,sample#7132,sample#7133,sample#7134,sample#7135,sample#7136,sample#7137,sample#7138,sample#7139,sample#7140,sample#7141,sample#7142,sample#7143,sample#7144,sample#7145,sample#7146,sample#7147,sample#7148,sample#7149,sample#7150,sample#7151,sample#7152,sample#7153,sample#7154,sample#7155,sample#7156,sample#7157,sample#7158,sample#7159,sample#7160,sample#7161,sample#7162,sample#7163,sample#7164,sample#7165,sample#7166,sample#7167,sample#7168,sample#7169,sample#7170,sample#7171,sample#7172,sample#7173,sample#7174,sample#7175,sample#7176,sample#7177,sample#7178,sample#7179,sample#7180,sample#7181,sample#7182,sample#7183,sample#7184,sample#7185,sample#7186,sample#7187,sample#7188,sample#7189,sample#7190,sample#7191,sample#7192,sample#7193,sample#7194,sample#7195,sample#7196,sample#7197,sample#7198,sample#7199,sample#7200,sample#7201,sample#7202,sample#7203,sample#7204,sample#7205,sample#7206,sample#7207,sample#7208,sample#7209,sample#7210,sample#7211,sample#7212,sample#7213,sample#7214,sample#7215,sample#7216,sample#7217,sample#7218,sample#7219,sample#7220,sample#7221,sample#7222,sample#7223,sample#7224,sample#7225,sample#7226,sample#7227,sample#7228,sample#7229,sample#7230,sample#7231,sample#7232,sample#7233,sample#7234,sample#7235,sample#7236,sample#7237,sample#7238,sample#7239,sample#7240,sample#7241,sample#7242,sample#7243,sample#7244,sample#7245,sample#7246,sample#7247,sample#7248,sample#7249,sample#7250,sample#7251,sample#7252,sample#7253,sample#7254,sample#7255,sample#7256,sample#7257,sample#7258,sample#7259,sample#7260,sample#7261,sample#7262,sample#7263,sample#7264,sample#7265,sample#7266,sample#7267,sample#7268,sample#7269,sample#7270,sample#7271,sample#7272,sample#7273,sample#7274,sample#7275,sample#7276,sample#7277,sample#7278,sample#7279,sample#7280,sample#7281,sample#7282,sample#7283,sample#7284,sample#7285,sample#7286,sample#7287,sample#7288,sample#7289,sample#7290,sample#7291,sample#7292,sample#7293,sample#7294,sample#7295,sample#7296,sample#7297,sample#7298,sample#7299,sample#7300,sample#7301,sample#7302,sample#7303,sample#7304,sample#7305,sample#7306,sample#7307,sample#7308,sample#7309,sample#7310,sample#7311,sample#7312,sample#7313,sample#7314,sample#7315,sample#7316,sample#7317,sample#7318,sample#7319,sample#7320,sample#7321,sample#7322,sample#7323,sample#7324,sample#7325,sample#7326,sample#7327,sample#7328,sample#7329,sample#7330,sample#7331,sample#7332,sample#7333,sample#7334,sample#7335,sample#7336,sample#7337,sample#7338,sample#7339,sample#7340,sample#7341,sample#7342,sample#7343,sample#7344,sample#7345,sample#7346,sample#7347,sample#7348,sample#7349,sample#7350,sample#7351,sample#7352,sample#7353,sample#7354,sample#7355,sample#7356,sample#7357,sample#7358,sample#7359,sample#7360,sample#7361,sample#7362,sample#7363,sample#7364,sample#7365,sample#7366,sample#7367,sample#7368,sample#7369,sample#7370,sample#7371,sample#7372,sample#7373,sample#7374,sample#7375,sample#7376,sample#7377,sample#7378,sample#7379,sample#7380,sample#7381,sample#7382,sample#7383,sample#7384,sample#7385,sample#7386,sample#7387,sample#7388,sample#7389,sample#7390,sample#7391,sample#7392,sample#7393,sample#7394,sample#7395,sample#7396,sample#7397,sample#7398,sample#7399,sample#7400,sample#7401,sample#7402,sample#7403,sample#7404,sample#7405,sample#7406,sample#7407,sample#7408,sample#7409,sample#7410,sample#7411,sample#7412,sample#7413,sample#7414,sample#7415,sample#7416,sample#7417,sample#7418,sample#7419,sample#7420,sample#7421,sample#7422,sample#7423,sample#7424,sample#7425,sample#7426,sample#7427,sample#7428,sample#7429,sample#7430,sample#7431,sample#7432,sample#7433,sample#7434,sample#7435,sample#7436,sample#7437,sample#7438,sample#7439,sample#7440,sample#7441,sample#7442,sample#7443,sample#7444,sample#7445,sample#7446,sample#7447,sample#7448,sample#7449,sample#7450,sample#7451,sample#7452,sample#7453,sample#7454,sample#7455,sample#7456,sample#7457,sample#7458,sample#7459,sample#7460,sample#7461,sample#7462,sample#7463,sample#7464,sample#7465,sample#7466,sample#7467,sample#7468,sample#7469,sample#7470,sample#7471,sample#7472,sample#7473,sample#7474,sample#7475,sample#7476,sample#7477,sample#7478,sample#7479,sample#7480,sample#7481,sample#7482,sample#7483,sample#7484,sample#7485,sample#7486,sample#7487,sample#7488,sample#7489,sample#7490,sample#7491,sample#7492,sample#7493,sample#7494,sample#7495,sample#7496,sample#7497,sample#7498,sample#7499,sample#7500,sample#7501,sample#7502,sample#7503,sample#7504,sample#7505,sample#7506,sample#7507,sample#7508,sample#7509,sample#7510,sample#7511,sample#7512,sample#7513,sample#7514,sample#7515,sample#7516,sample#7517,sample#7518,sample#7519,sample#7520,sample#7521,sample#7522,sample#7523,sample#7524,sample#7525,sample#7526,sample#7527,sample#7528,sample#7529,sample#7530,sample#7531,sample#7532,sample#7533,sample#7534,sample#7535,sample#7536,sample#7537,sample#7538,sample#7539,sample#7540,sample#7541,sample#7542,sample#7543,sample#7544,sample#7545,sample#7546,sample#7547,sample#7548,sample#7549,sample#7550,sample#7551,sample#7552,sample#7553,sample#7554,sample#7555,sample#7556,sample#7557,sample#7558,sample#7559,sample#7560,sample#7561,sample#7562,sample#7563,sample#7564,sample#7565,sample#7566,sample#7567,sample#7568,sample#7569,sample#7570,sample#7571,sample#7572,sample#7573,sample#7574,sample#7575,sample#7576,sample#7577,sample#7578,sample#7579,sample#7580,sample#7581,sample#7582,sample#7583,sample#7584,sample#7585,sample#7586,sample#7587,sample#7588,sample#7589,sample#7590,sample#7591,sample#7592,sample#7593,sample#7594,sample#7595,sample#7596,sample#7597,sample#7598,sample#7599,sample#7600,sample#7601,sample#7602,sample#7603,sample#7604,sample#7605,sample#7606,sample#7607,sample#7608,sample#7609,sample#7610,sample#7611,sample#7612,sample#7613,sample#7614,sample#7615,sample#7616,sample#7617,sample#7618,sample#7619,sample#7620,sample#7621,sample#7622,sample#7623,sample#7624,sample#7625,sample#7626,sample#7627,sample#7628,sample#7629,sample#7630,sample#7631,sample#7632,sample#7633,sample#7634,sample#7635,sample#7636,sample#7637,sample#7638,sample#7639,sample#7640,sample#7641,sample#7642,sample#7643,sample#7644,sample#7645,sample#7646,sample#7647,sample#7648,sample#7649,sample#7650,sample#7651,sample#7652,sample#7653,sample#7654,sample#7655,sample#7656,sample#7657,sample#7658,sample#7659,sample#7660,sample#7661,sample#7662,sample#7663,sample#7664,sample#7665,sample#7666,sample#7667,sample#7668,sample#7669,sample#7670,sample#7671,sample#7672,sample#7673,sample#7674,sample#7675,sample#7676,sample#7677,sample#7678,sample#7679,sample#7680,sample#7681,sample#7682,sample#7683,sample#7684,sample#7685,sample#7686,sample#7687,sample#7688,sample#7689,sample#7690,sample#7691,sample#7692,sample#7693,sample#7694,sample#7695,sample#7696,sample#7697,sample#7698,sample#7699,sample#7700,sample#7701,sample#7702,sample#7703,sample#7704,sample#7705,sample#7706,sample#7707,sample#7708,sample#7709,sample#7710,sample#7711,sample#7712,sample#7713,sample#7714,sample#7715,sample#7716,sample#7717,sample#7718,sample#7719,sample#7720,sample#7721,sample#7722,sample#7723,sample#7724,sample#7725,sample#7726,sample#7727,sample#7728,sample#7729,sample#7730,sample#7731,sample#7732,sample#7733,sample#7734,sample#7735,sample#7736,sample#7737,sample#7738,sample#7739,sample#7740,sample#7741,sample#7742,sample#7743,sample#7744,sample#7745,sample#7746,sample#7747,sample#7748,sample#7749,sample#7750,sample#7751,sample#7752,sample#7753,sample#7754,sample#7755,sample#7756,sample#7757,sample#7758,sample#7759,sample#7760,sample#7761,sample#7762,sample#7763,sample#7764,sample#7765,sample#7766,sample#7767,sample#7768,sample#7769,sample#7770,sample#7771,sample#7772,sample#7773,sample#7774,sample#7775,sample#7776,sample#7777,sample#7778,sample#7779,sample#7780,sample#7781,sample#7782,sample#7783,sample#7784,sample#7785,sample#7786,sample#7787,sample#7788,sample#7789,sample#7790,sample#7791,sample#7792,sample#7793,sample#7794,sample#7795,sample#7796,sample#7797,sample#7798,sample#7799,sample#7800,sample#7801,sample#7802,sample#7803,sample#7804,sample#7805,sample#7806,sample#7807,sample#7808,sample#7809,sample#7810,sample#7811,sample#7812,sample#7813,sample#7814,sample#7815,sample#7816,sample#7817,sample#7818,sample#7819,sample#7820,sample#7821,sample#7822,sample#7823,sample#7824,sample#7825,sample#7826,sample#7827,sample#7828,sample#7829,sample#7830,sample#7831,sample#7832,sample#7833,sample#7834,sample#7835,sample#7836,sample#7837,sample#7838,sample#7839,sample#7840,sample#7841,sample#7842,sample#7843,sample#7844,sample#7845,sample#7846,sample#7847,sample#7848,sample#7849,sample#7850,sample#7851,sample#7852,sample#7853,sample#7854,sample#7855,sample#7856,sample#7857,sample#7858,sample#7859,sample#7860,sample#7861,sample#7862,sample#7863,sample#7864,sample#7865,sample#7866,sample#7867,sample#7868,sample#7869,sample#7870,sample#7871,sample#7872,sample#7873,sample#7874,sample#7875,sample#7876,sample#7877,sample#7878,sample#7879,sample#7880,sample#7881,sample#7882,sample#7883,sample#7884,sample#7885,sample#7886,sample#7887,sample#7888,sample#7889,sample#7890,sample#7891,sample#7892,sample#7893,sample#7894,sample#7895,sample#7896,sample#7897,sample#7898,sample#7899,sample#7900,sample#7901,sample#7902,sample#7903,sample#7904,sample#7905,sample#7906,sample#7907,sample#7908,sample#7909,sample#7910,sample#7911,sample#7912,sample#7913,sample#7914,sample#7915,sample#7916,sample#7917,sample#7918,sample#7919,sample#7920,sample#7921,sample#7922,sample#7923,sample#7924,sample#7925,sample#7926,sample#7927,sample#7928,sample#7929,sample#7930,sample#7931,sample#7932,sample#7933,sample#7934,sample#7935,sample#7936,sample#7937,sample#7938,sample#7939,sample#7940,sample#7941,sample#7942,sample#7943,sample#7944,sample#7945,sample#7946,sample#7947,sample#7948,sample#7949,sample#7950,sample#7951,sample#7952,sample#7953,sample#7954,sample#7955,sample#7956,sample#7957,sample#7958,sample#7959,sample#7960,sample#7961,sample#7962,sample#7963,sample#7964,sample#7965,sample#7966,sample#7967,sample#7968,sample#7969,sample#7970,sample#7971,sample#7972,sample#7973,sample#7974,sample#7975,sample#7976,sample#7977,sample#7978,sample#7979,sample#7980,sample#7981,sample#7982,sample#7983,sample#7984,sample#7985,sample#7986,sample#7987,sample#7988,sample#7989,sample#7990,sample#7991,sample#7992,sample#7993,sample#7994,sample#7995,sample#7996,sample#7997,sample#7998,sample#7999,sample#8000,sample#8001,sample#8002,sample#8003,sample#8004,sample#8005,sample#8006,sample#8007,sample#8008,sample#8009,sample#8010,sample#8011,sample#8012,sample#8013,sample#8014,sample#8015,sample#8016,sample#8017,sample#8018,sample#8019,sample#8020,sample#8021,sample#8022,sample#8023,sample#8024,sample#8025,sample#8026,sample#8027,sample#8028,sample#8029,sample#8030,sample#8031,sample#8032,sample#8033,sample#8034,sample#8035,sample#8036,sample#8037,sample#8038,sample#8039,sample#8040,sample#8041,sample#8042,sample#8043,sample#8044,sample#8045,sample#8046,sample#8047,sample#8048,sample#8049,sample#8050,sample#8051,sample#8052,sample#8053,sample#8054,sample#8055,sample#8056,sample#8057,sample#8058,sample#8059,sample#8060,sample#8061,sample#8062,sample#8063,sample#8064,sample#8065,sample#8066,sample#8067,sample#8068,sample#8069,sample#8070,sample#8071,sample#8072,sample#8073,sample#8074,sample#8075,sample#8076,sample#8077,sample#8078,sample#8079,sample#8080,sample#8081,sample#8082,sample#8083,sample#8084,sample#8085,sample#8086,sample#8087,sample#8088,sample#8089,sample#8090,sample#8091,sample#8092,sample#8093,sample#8094,sample#8095,sample#8096,sample#8097,sample#8098,sample#8099,sample#8100,sample#8101,sample#8102,sample#8103,sample#8104,sample#8105,sample#8106,sample#8107,sample#8108,sample#8109,sample#8110,sample#8111,sample#8112,sample#8113,sample#8114,sample#8115,sample#8116,sample#8117,sample#8118,sample#8119,sample#8120,sample#8121,sample#8122,sample#8123,sample#8124,sample#8125,sample#8126,sample#8127,sample#8128,sample#8129,sample#8130,sample#8131,sample#8132,sample#8133,sample#8134,sample#8135,sample#8136,sample#8137,sample#8138,sample#8139,sample#8140,sample#8141,sample#8142,sample#8143,sample#8144,sample#8145,sample#8146,sample#8147,sample#8148,sample#8149,sample#8150,sample#8151,sample#8152,sample#8153,sample#8154,sample#8155,sample#8156,sample#8157,sample#8158,sample#8159,sample#8160,sample#8161,sample#8162,sample#8163,sample#8164,sample#8165,sample#8166,sample#8167,sample#8168,sample#8169,sample#8170,sample#8171,sample#8172,sample#8173,sample#8174,sample#8175,sample#8176,sample#8177,sample#8178,sample#8179,sample#8180,sample#8181,sample#8182,sample#8183,sample#8184,sample#8185,sample#8186,sample#8187,sample#8188,sample#8189,sample#8190,sample#8191,sample#8192,sample#8193,sample#8194,sample#8195,sample#8196,sample#8197,sample#8198,sample#8199,sample#8200,sample#8201,sample#8202,sample#8203,sample#8204,sample#8205,sample#8206,sample#8207,sample#8208,sample#8209,sample#8210,sample#8211,sample#8212,sample#8213,sample#8214,sample#8215,sample#8216,sample#8217,sample#8218,sample#8219,sample#8220,sample#8221,sample#8222,sample#8223,sample#8224,sample#8225,sample#8226,sample#8227,sample#8228,sample#8229,sample#8230,sample#8231,sample#8232,sample#8233,sample#8234,sample#8235,sample#8236,sample#8237,sample#8238,sample#8239,sample#8240,sample#8241,sample#8242,sample#8243,sample#8244,sample#8245,sample#8246,sample#8247,sample#8248,sample#8249,sample#8250,sample#8251,sample#8252,sample#8253,sample#8254,sample#8255,sample#8256,sample#8257,sample#8258,sample#8259,sample#8260,sample#8261,sample#8262,sample#8263,sample#8264,sample#8265,sample#8266,sample#8267,sample#8268,sample#8269,sample#8270,sample#8271,sample#8272,sample#8273,sample#8274,sample#8275,sample#8276,sample#8277,sample#8278,sample#8279,sample#8280,sample#8281,sample#8282,sample#8283,sample#8284,sample#8285,sample#8286,sample#8287,sample#8288,sample#8289,sample#8290,sample#8291,sample#8292,sample#8293,sample#8294,sample#8295,sample#8296,sample#8297,sample#8298,sample#8299,sample#8300,sample#8301,sample#8302,sample#8303,sample#8304,sample#8305,sample#8306,sample#8307,sample#8308,sample#8309,sample#8310,sample#8311,sample#8312,sample#8313,sample#8314,sample#8315,sample#8316,sample#8317,sample#8318,sample#8319,sample#8320,sample#8321,sample#8322,sample#8323,sample#8324,sample#8325,sample#8326,sample#8327,sample#8328,sample#8329,sample#8330,sample#8331,sample#8332,sample#8333,sample#8334,sample#8335,sample#8336,sample#8337,sample#8338,sample#8339,sample#8340,sample#8341,sample#8342,sample#8343,sample#8344,sample#8345,sample#8346,sample#8347,sample#8348,sample#8349,sample#8350,sample#8351,sample#8352,sample#8353,sample#8354,sample#8355,sample#8356,sample#8357,sample#8358,sample#8359,sample#8360,sample#8361,sample#8362,sample#8363,sample#8364,sample#8365,sample#8366,sample#8367,sample#8368,sample#8369,sample#8370,sample#8371,sample#8372,sample#8373,sample#8374,sample#8375,sample#8376,sample#8377,sample#8378,sample#8379,sample#8380,sample#8381,sample#8382,sample#8383,sample#8384,sample#8385,sample#8386,sample#8387,sample#8388,sample#8389,sample#8390,sample#8391,sample#8392,sample#8393,sample#8394,sample#8395,sample#8396,sample#8397,sample#8398,sample#8399,sample#8400,sample#8401,sample#8402,sample#8403,sample#8404,sample#8405,sample#8406,sample#8407,sample#8408,sample#8409,sample#8410,sample#8411,sample#8412,sample#8413,sample#8414,sample#8415,sample#8416,sample#8417,sample#8418,sample#8419,sample#8420,sample#8421,sample#8422,sample#8423,sample#8424,sample#8425,sample#8426,sample#8427,sample#8428,sample#8429,sample#8430,sample#8431,sample#8432,sample#8433,sample#8434,sample#8435,sample#8436,sample#8437,sample#8438,sample#8439,sample#8440,sample#8441,sample#8442,sample#8443,sample#8444,sample#8445,sample#8446,sample#8447,sample#8448,sample#8449,sample#8450,sample#8451,sample#8452,sample#8453,sample#8454,sample#8455,sample#8456,sample#8457,sample#8458,sample#8459,sample#8460,sample#8461,sample#8462,sample#8463,sample#8464,sample#8465,sample#8466,sample#8467,sample#8468,sample#8469,sample#8470,sample#8471,sample#8472,sample#8473,sample#8474,sample#8475,sample#8476,sample#8477,sample#8478,sample#8479,sample#8480,sample#8481,sample#8482,sample#8483,sample#8484,sample#8485,sample#8486,sample#8487,sample#8488,sample#8489,sample#8490,sample#8491,sample#8492,sample#8493,sample#8494,sample#8495,sample#8496,sample#8497,sample#8498,sample#8499,sample#8500,sample#8501,sample#8502,sample#8503,sample#8504,sample#8505,sample#8506,sample#8507,sample#8508,sample#8509,sample#8510,sample#8511,sample#8512,sample#8513,sample#8514,sample#8515,sample#8516,sample#8517,sample#8518,sample#8519,sample#8520,sample#8521,sample#8522,sample#8523,sample#8524,sample#8525,sample#8526,sample#8527,sample#8528,sample#8529,sample#8530,sample#8531,sample#8532,sample#8533,sample#8534,sample#8535,sample#8536,sample#8537,sample#8538,sample#8539,sample#8540,sample#8541,sample#8542,sample#8543,sample#8544,sample#8545,sample#8546,sample#8547,sample#8548,sample#8549,sample#8550,sample#8551,sample#8552,sample#8553,sample#8554,sample#8555,sample#8556,sample#8557,sample#8558,sample#8559,sample#8560,sample#8561,sample#8562,sample#8563,sample#8564,sample#8565,sample#8566,sample#8567,sample#8568,sample#8569,sample#8570,sample#8571,sample#8572,sample#8573,sample#8574,sample#8575,sample#8576,sample#8577,sample#8578,sample#8579,sample#8580,sample#8581,sample#8582,sample#8583,sample#8584,sample#8585,sample#8586,sample#8587,sample#8588,sample#8589,sample#8590,sample#8591,sample#8592,sample#8593,sample#8594,sample#8595,sample#8596,sample#8597,sample#8598,sample#8599,sample#8600,sample#8601,sample#8602,sample#8603,sample#8604,sample#8605,sample#8606,sample#8607,sample#8608,sample#8609,sample#8610,sample#8611,sample#8612,sample#8613,sample#8614,sample#8615,sample#8616,sample#8617,sample#8618,sample#8619,sample#8620,sample#8621,sample#8622,sample#8623,sample#8624,sample#8625,sample#8626,sample#8627,sample#8628,sample#8629,sample#8630,sample#8631,sample#8632,sample#8633,sample#8634,sample#8635,sample#8636,sample#8637,sample#8638,sample#8639,sample#8640,sample#8641,sample#8642,sample#8643,sample#8644,sample#8645,sample#8646,sample#8647,sample#8648,sample#8649,sample#8650,sample#8651,sample#8652,sample#8653,sample#8654,sample#8655,sample#8656,sample#8657,sample#8658,sample#8659,sample#8660,sample#8661,sample#8662,sample#8663,sample#8664,sample#8665,sample#8666,sample#8667,sample#8668,sample#8669,sample#8670,sample#8671,sample#8672,sample#8673,sample#8674,sample#8675,sample#8676,sample#8677,sample#8678,sample#8679,sample#8680,sample#8681,sample#8682,sample#8683,sample#8684,sample#8685,sample#8686,sample#8687,sample#8688,sample#8689,sample#8690,sample#8691,sample#8692,sample#8693,sample#8694,sample#8695,sample#8696,sample#8697,sample#8698,sample#8699,sample#8700,sample#8701,sample#8702,sample#8703,sample#8704,sample#8705,sample#8706,sample#8707,sample#8708,sample#8709,sample#8710,sample#8711,sample#8712,sample#8713,sample#8714,sample#8715,sample#8716,sample#8717,sample#8718,sample#8719,sample#8720,sample#8721,sample#8722,sample#8723,sample#8724,sample#8725,sample#8726,sample#8727,sample#8728,sample#8729,sample#8730,sample#8731,sample#8732,sample#8733,sample#8734,sample#8735,sample#8736,sample#8737,sample#8738,sample#8739,sample#8740,sample#8741,sample#8742,sample#8743,sample#8744,sample#8745,sample#8746,sample#8747,sample#8748,sample#8749,sample#8750,sample#8751,sample#8752,sample#8753,sample#8754,sample#8755,sample#8756,sample#8757,sample#8758,sample#8759,sample#8760,sample#8761,sample#8762,sample#8763,sample#8764,sample#8765,sample#8766,sample#8767,sample#8768,sample#8769,sample#8770,sample#8771,sample#8772,sample#8773,sample#8774,sample#8775,sample#8776,sample#8777,sample#8778,sample#8779,sample#8780,sample#8781,sample#8782,sample#8783,sample#8784,sample#8785,sample#8786,sample#8787,sample#8788,sample#8789,sample#8790,sample#8791,sample#8792,sample#8793,sample#8794,sample#8795,sample#8796,sample#8797,sample#8798,sample#8799,sample#8800,sample#8801,sample#8802,sample#8803,sample#8804,sample#8805,sample#8806,sample#8807,sample#8808,sample#8809,sample#8810,sample#8811,sample#8812,sample#8813,sample#8814,sample#8815,sample#8816,sample#8817,sample#8818,sample#8819,sample#8820,sample#8821,sample#8822,sample#8823,sample#8824,sample#8825,sample#8826,sample#8827,sample#8828,sample#8829,sample#8830,sample#8831,sample#8832,sample#8833,sample#8834,sample#8835,sample#8836,sample#8837,sample#8838,sample#8839,sample#8840,sample#8841,sample#8842,sample#8843,sample#8844,sample#8845,sample#8846,sample#8847,sample#8848,sample#8849,sample#8850,sample#8851,sample#8852,sample#8853,sample#8854,sample#8855,sample#8856,sample#8857,sample#8858,sample#8859,sample#8860,sample#8861,sample#8862,sample#8863,sample#8864,sample#8865,sample#8866,sample#8867,sample#8868,sample#8869,sample#8870,sample#8871,sample#8872,sample#8873,sample#8874,sample#8875,sample#8876,sample#8877,sample#8878,sample#8879,sample#8880,sample#8881,sample#8882,sample#8883,sample#8884,sample#8885,sample#8886,sample#8887,sample#8888,sample#8889,sample#8890,sample#8891,sample#8892,sample#8893,sample#8894,sample#8895,sample#8896,sample#8897,sample#8898,sample#8899,sample#8900,sample#8901,sample#8902,sample#8903,sample#8904,sample#8905,sample#8906,sample#8907,sample#8908,sample#8909,sample#8910,sample#8911,sample#8912,sample#8913,sample#8914,sample#8915,sample#8916,sample#8917,sample#8918,sample#8919,sample#8920,sample#8921,sample#8922,sample#8923,sample#8924,sample#8925,sample#8926,sample#8927,sample#8928,sample#8929,sample#8930,sample#8931,sample#8932,sample#8933,sample#8934,sample#8935,sample#8936,sample#8937,sample#8938,sample#8939,sample#8940,sample#8941,sample#8942,sample#8943,sample#8944,sample#8945,sample#8946,sample#8947,sample#8948,sample#8949,sample#8950,sample#8951,sample#8952,sample#8953,sample#8954,sample#8955,sample#8956,sample#8957,sample#8958,sample#8959,sample#8960,sample#8961,sample#8962,sample#8963,sample#8964,sample#8965,sample#8966,sample#8967,sample#8968,sample#8969,sample#8970,sample#8971,sample#8972,sample#8973,sample#8974,sample#8975,sample#8976,sample#8977,sample#8978,sample#8979,sample#8980,sample#8981,sample#8982,sample#8983,sample#8984,sample#8985,sample#8986,sample#8987,sample#8988,sample#8989,sample#8990,sample#8991,sample#8992,sample#8993,sample#8994,sample#8995,sample#8996,sample#8997,sample#8998,sample#8999,sample#9000,sample#9001,sample#9002,sample#9003,sample#9004,sample#9005,sample#9006,sample#9007,sample#9008,sample#9009,sample#9010,sample#9011,sample#9012,sample#9013,sample#9014,sample#9015,sample#9016,sample#9017,sample#9018,sample#9019,sample#9020,sample#9021,sample#9022,sample#9023,sample#9024,sample#9025,sample#9026,sample#9027,sample#9028,sample#9029,sample#9030,sample#9031,sample#9032,sample#9033,sample#9034,sample#9035,sample#9036,sample#9037,sample#9038,sample#9039,sample#9040,sample#9041,sample#9042,sample#9043,sample#9044,sample#9045,sample#9046,sample#9047,sample#9048,sample#9049,sample#9050,sample#9051,sample#9052,sample#9053,sample#9054,sample#9055,sample#9056,sample#9057,sample#9058,sample#9059,sample#9060,sample#9061,sample#9062,sample#9063,sample#9064,sample#9065,sample#9066,sample#9067,sample#9068,sample#9069,sample#9070,sample#9071,sample#9072,sample#9073,sample#9074,sample#9075,sample#9076,sample#9077,sample#9078,sample#9079,sample#9080,sample#9081,sample#9082,sample#9083,sample#9084,sample#9085,sample#9086,sample#9087,sample#9088,sample#9089,sample#9090,sample#9091,sample#9092,sample#9093,sample#9094,sample#9095,sample#9096,sample#9097,sample#9098,sample#9099,sample#9100,sample#9101,sample#9102,sample#9103,sample#9104,sample#9105,sample#9106,sample#9107,sample#9108,sample#9109,sample#9110,sample#9111,sample#9112,sample#9113,sample#9114,sample#9115,sample#9116,sample#9117,sample#9118,sample#9119,sample#9120,sample#9121,sample#9122,sample#9123,sample#9124,sample#9125,sample#9126,sample#9127,sample#9128,sample#9129,sample#9130,sample#9131,sample#9132,sample#9133,sample#9134,sample#9135,sample#9136,sample#9137,sample#9138,sample#9139,sample#9140,sample#9141,sample#9142,sample#9143,sample#9144,sample#9145,sample#9146,sample#9147,sample#9148,sample#9149,sample#9150,sample#9151,sample#9152,sample#9153,sample#9154,sample#9155,sample#9156,sample#9157,sample#9158,sample#9159,sample#9160,sample#9161,sample#9162,sample#9163,sample#9164,sample#9165,sample#9166,sample#9167,sample#9168,sample#9169,sample#9170,sample#9171,sample#9172,sample#9173,sample#9174,sample#9175,sample#9176,sample#9177,sample#9178,sample#9179,sample#9180,sample#9181,sample#9182,sample#9183,sample#9184,sample#9185,sample#9186,sample#9187,sample#9188,sample#9189,sample#9190,sample#9191,sample#9192,sample#9193,sample#9194,sample#9195,sample#9196,sample#9197,sample#9198,sample#9199,sample#9200,sample#9201,sample#9202,sample#9203,sample#9204,sample#9205,sample#9206,sample#9207,sample#9208,sample#9209,sample#9210,sample#9211,sample#9212,sample#9213,sample#9214,sample#9215,sample#9216,sample#9217,sample#9218,sample#9219,sample#9220,sample#9221,sample#9222,sample#9223,sample#9224,sample#9225,sample#9226,sample#9227,sample#9228,sample#9229,sample#9230,sample#9231,sample#9232,sample#9233,sample#9234,sample#9235,sample#9236,sample#9237,sample#9238,sample#9239,sample#9240,sample#9241,sample#9242,sample#9243,sample#9244,sample#9245,sample#9246,sample#9247,sample#9248,sample#9249,sample#9250,sample#9251,sample#9252,sample#9253,sample#9254,sample#9255,sample#9256,sample#9257,sample#9258,sample#9259,sample#9260,sample#9261,sample#9262,sample#9263,sample#9264,sample#9265,sample#9266,sample#9267,sample#9268,sample#9269,sample#9270,sample#9271,sample#9272,sample#9273,sample#9274,sample#9275,sample#9276,sample#9277,sample#9278,sample#9279,sample#9280,sample#9281,sample#9282,sample#9283,sample#9284,sample#9285,sample#9286,sample#9287,sample#9288,sample#9289,sample#9290,sample#9291,sample#9292,sample#9293,sample#9294,sample#9295,sample#9296,sample#9297,sample#9298,sample#9299,sample#9300,sample#9301,sample#9302,sample#9303,sample#9304,sample#9305,sample#9306,sample#9307,sample#9308,sample#9309,sample#9310,sample#9311,sample#9312,sample#9313,sample#9314,sample#9315,sample#9316,sample#9317,sample#9318,sample#9319,sample#9320,sample#9321,sample#9322,sample#9323,sample#9324,sample#9325,sample#9326,sample#9327,sample#9328,sample#9329,sample#9330,sample#9331,sample#9332,sample#9333,sample#9334,sample#9335,sample#9336,sample#9337,sample#9338,sample#9339,sample#9340,sample#9341,sample#9342,sample#9343,sample#9344,sample#9345,sample#9346,sample#9347,sample#9348,sample#9349,sample#9350,sample#9351,sample#9352,sample#9353,sample#9354,sample#9355,sample#9356,sample#9357,sample#9358,sample#9359,sample#9360,sample#9361,sample#9362,sample#9363,sample#9364,sample#9365,sample#9366,sample#9367,sample#9368,sample#9369,sample#9370,sample#9371,sample#9372,sample#9373,sample#9374,sample#9375,sample#9376,sample#9377,sample#9378,sample#9379,sample#9380,sample#9381,sample#9382,sample#9383,sample#9384,sample#9385,sample#9386,sample#9387,sample#9388,sample#9389,sample#9390,sample#9391,sample#9392,sample#9393,sample#9394,sample#9395,sample#9396,sample#9397,sample#9398,sample#9399,sample#9400,sample#9401,sample#9402,sample#9403,sample#9404,sample#9405,sample#9406,sample#9407,sample#9408,sample#9409,sample#9410,sample#9411,sample#9412,sample#9413,sample#9414,sample#9415,sample#9416,sample#9417,sample#9418,sample#9419,sample#9420,sample#9421,sample#9422,sample#9423,sample#9424,sample#9425,sample#9426,sample#9427,sample#9428,sample#9429,sample#9430,sample#9431,sample#9432,sample#9433,sample#9434,sample#9435,sample#9436,sample#9437,sample#9438,sample#9439,sample#9440,sample#9441,sample#9442,sample#9443,sample#9444,sample#9445,sample#9446,sample#9447,sample#9448,sample#9449,sample#9450,sample#9451,sample#9452,sample#9453,sample#9454,sample#9455,sample#9456,sample#9457,sample#9458,sample#9459,sample#9460,sample#9461,sample#9462,sample#9463,sample#9464,sample#9465,sample#9466,sample#9467,sample#9468,sample#9469,sample#9470,sample#9471,sample#9472,sample#9473,sample#9474,sample#9475,sample#9476,sample#9477,sample#9478,sample#9479,sample#9480,sample#9481,sample#9482,sample#9483,sample#9484,sample#9485,sample#9486,sample#9487,sample#9488,sample#9489,sample#9490,sample#9491,sample#9492,sample#9493,sample#9494,sample#9495,sample#9496,sample#9497,sample#9498,sample#9499,sample#9500,sample#9501,sample#9502,sample#9503,sample#9504,sample#9505,sample#9506,sample#9507,sample#9508,sample#9509,sample#9510,sample#9511,sample#9512,sample#9513,sample#9514,sample#9515,sample#9516,sample#9517,sample#9518,sample#9519,sample#9520,sample#9521,sample#9522,sample#9523,sample#9524,sample#9525,sample#9526,sample#9527,sample#9528,sample#9529,sample#9530,sample#9531,sample#9532,sample#9533,sample#9534,sample#9535,sample#9536,sample#9537,sample#9538,sample#9539,sample#9540,sample#9541,sample#9542,sample#9543,sample#9544,sample#9545,sample#9546,sample#9547,sample#9548,sample#9549,sample#9550,sample#9551,sample#9552,sample#9553,sample#9554,sample#9555,sample#9556,sample#9557,sample#9558,sample#9559,sample#9560,sample#9561,sample#9562,sample#9563,sample#9564,sample#9565,sample#9566,sample#9567,sample#9568,sample#9569,sample#9570,sample#9571,sample#9572,sample#9573,sample#9574,sample#9575,sample#9576,sample#9577,sample#9578,sample#9579,sample#9580,sample#9581,sample#9582,sample#9583,sample#9584,sample#9585,sample#9586,sample#9587,sample#9588,sample#9589,sample#9590,sample#9591,sample#9592,sample#9593,sample#9594,sample#9595,sample#9596,sample#9597,sample#9598,sample#9599,sample#9600,sample#9601,sample#9602,sample#9603,sample#9604,sample#9605,sample#9606,sample#9607,sample#9608,sample#9609,sample#9610,sample#9611,sample#9612,sample#9613,sample#9614,sample#9615,sample#9616,sample#9617,sample#9618,sample#9619,sample#9620,sample#9621,sample#9622,sample#9623,sample#9624,sample#9625,sample#9626,sample#9627,sample#9628,sample#9629,sample#9630,sample#9631,sample#9632,sample#9633,sample#9634,sample#9635,sample#9636,sample#9637,sample#9638,sample#9639,sample#9640,sample#9641,sample#9642,sample#9643,sample#9644,sample#9645,sample#9646,sample#9647,sample#9648,sample#9649,sample#9650,sample#9651,sample#9652,sample#9653,sample#9654,sample#9655,sample#9656,sample#9657,sample#9658,sample#9659,sample#9660,sample#9661,sample#9662,sample#9663,sample#9664,sample#9665,sample#9666,sample#9667,sample#9668,sample#9669,sample#9670,sample#9671,sample#9672,sample#9673,sample#9674,sample#9675,sample#9676,sample#9677,sample#9678,sample#9679,sample#9680,sample#9681,sample#9682,sample#9683,sample#9684,sample#9685,sample#9686,sample#9687,sample#9688,sample#9689,sample#9690,sample#9691,sample#9692,sample#9693,sample#9694,sample#9695,sample#9696,sample#9697,sample#9698,sample#9699,sample#9700,sample#9701,sample#9702,sample#9703,sample#9704,sample#9705,sample#9706,sample#9707,sample#9708,sample#9709,sample#9710,sample#9711,sample#9712,sample#9713,sample#9714,sample#9715,sample#9716,sample#9717,sample#9718,sample#9719,sample#9720,sample#9721,sample#9722,sample#9723,sample#9724,sample#9725,sample#9726,sample#9727,sample#9728,sample#9729,sample#9730,sample#9731,sample#9732,sample#9733,sample#9734,sample#9735,sample#9736,sample#9737,sample#9738,sample#9739,sample#9740,sample#9741,sample#9742,sample#9743,sample#9744,sample#9745,sample#9746,sample#9747,sample#9748,sample#9749,sample#9750,sample#9751,sample#9752,sample#9753,sample#9754,sample#9755,sample#9756,sample#9757,sample#9758,sample#9759,sample#9760,sample#9761,sample#9762,sample#9763,sample#9764,sample#9765,sample#9766,sample#9767,sample#9768,sample#9769,sample#9770,sample#9771,sample#9772,sample#9773,sample#9774,sample#9775,sample#9776,sample#9777,sample#9778,sample#9779,sample#9780,sample#9781,sample#9782,sample#9783,sample#9784,sample#9785,sample#9786,sample#9787,sample#9788,sample#9789,sample#9790,sample#9791,sample#9792,sample#9793,sample#9794,sample#9795,sample#9796,sample#9797,sample#9798,sample#9799,sample#9800,sample#9801,sample#9802,sample#9803,sample#9804,sample#9805,sample#9806,sample#9807,sample#9808,sample#9809,sample#9810,sample#9811,sample#9812,sample#9813,sample#9814,sample#9815,sample#9816,sample#9817,sample#9818,sample#9819,sample#9820,sample#9821,sample#9822,sample#9823,sample#9824,sample#9825,sample#9826,sample#9827,sample#9828,sample#9829,sample#9830,sample#9831,sample#9832,sample#9833,sample#9834,sample#9835,sample#9836,sample#9837,sample#9838,sample#9839,sample#9840,sample#9841,sample#9842,sample#9843,sample#9844,sample#9845,sample#9846,sample#9847,sample#9848,sample#9849,sample#9850,sample#9851,sample#9852,sample#9853,sample#9854,sample#9855,sample#9856,sample#9857,sample#9858,sample#9859,sample#9860,sample#9861,sample#9862,sample#9863,sample#9864,sample#9865,sample#9866,sample#9867,sample#9868,sample#9869,sample#9870,sample#9871,sample#9872,sample#9873,sample#9874,sample#9875,sample#9876,sample#9877,sample#9878,sample#9879,sample#9880,sample#9881,sample#9882,sample#9883,sample#9884,sample#9885,sample#9886,sample#9887,sample#9888,sample#9889,sample#9890,sample#9891,sample#9892,sample#9893,sample#9894,sample#9895,sample#9896,sample#9897,sample#9898,sample#9899,sample#9900,sample#9901,sample#9902,sample#9903,sample#9904,sample#9905,sample#9906,sample#9907,sample#9908,sample#9909,sample#9910,sample#9911,sample#9912,sample#9913,sample#9914,sample#9915,sample#9916,sample#9917,sample#9918,sample#9919,sample#9920,sample#9921,sample#9922,sample#9923,sample#9924,sample#9925,sample#9926,sample#9927,sample#9928,sample#9929,sample#9930,sample#9931,sample#9932,sample#9933,sample#9934,sample#9935,sample#9936,sample#9937,sample#9938,sample#9939,sample#9940,sample#9941,sample#9942,sample#9943,sample#9944,sample#9945,sample#9946,sample#9947,sample#9948,sample#9949,sample#9950,sample#9951,sample#9952,sample#9953,sample#9954,sample#9955,sample#9956,sample#9957,sample#9958,sample#9959,sample#9960,sample#9961,sample#9962,sample#9963,sample#9964,sample#9965,sample#9966,sample#9967,sample#9968,sample#9969,sample#9970,sample#9971,sample#9972,sample#9973,sample#9974,sample#9975,sample#9976,sample#9977,sample#9978,sample#9979,sample#9980,sample#9981,sample#9982,sample#9983,sample#9984,sample#9985,sample#9986,sample#9987,sample#9988,sample#9989,sample#9990,sample#9991,sample#9992,sample#9993,sample#9994,sample#9995,sample#9996,sample#9997,sample#9998,sample#9999,sample#10000,sample#10001,sample#10002,sample#10003,sample#10004,sample#10005,sample#10006,sample#10007,sample#10008,sample#10009,sample#10010,sample#10011,sample#10012,sample#10013,sample#10014,sample#10015,sample#10016,sample#10017,sample#10018,sample#10019,sample#10020,sample#10021,sample#10022,sample#10023,sample#10024,sample#10025,sample#10026,sample#10027,sample#10028,sample#10029,sample#10030,sample#10031,sample#10032,sample#10033,sample#10034,sample#10035,sample#10036,sample#10037,sample#10038,sample#10039,sample#10040,sample#10041,sample#10042,sample#10043,sample#10044,sample#10045,sample#10046,sample#10047,sample#10048,sample#10049,sample#10050,sample#10051,sample#10052,sample#10053,sample#10054,sample#10055,sample#10056,sample#10057,sample#10058,sample#10059,sample#10060,sample#10061,sample#10062,sample#10063,sample#10064,sample#10065,sample#10066,sample#10067,sample#10068,sample#10069,sample#10070,sample#10071,sample#10072,sample#10073,sample#10074,sample#10075,sample#10076,sample#10077,sample#10078,sample#10079,sample#10080,sample#10081,sample#10082,sample#10083,sample#10084,sample#10085,sample#10086,sample#10087,sample#10088,sample#10089,sample#10090,sample#10091,sample#10092,sample#10093,sample#10094,sample#10095,sample#10096,sample#10097,sample#10098,sample#10099,sample#10100,sample#10101,sample#10102,sample#10103,sample#10104,sample#10105,sample#10106,sample#10107,sample#10108,sample#10109,sample#10110,sample#10111,sample#10112,sample#10113,sample#10114,sample#10115,sample#10116,sample#10117,sample#10118,sample#10119,sample#10120,sample#10121,sample#10122,sample#10123,sample#10124,sample#10125,sample#10126,sample#10127,sample#10128,sample#10129,sample#10130,sample#10131,sample#10132,sample#10133,sample#10134,sample#10135,sample#10136,sample#10137,sample#10138,sample#10139,sample#10140,sample#10141,sample#10142,sample#10143,sample#10144,sample#10145,sample#10146,sample#10147,sample#10148,sample#10149,sample#10150,sample#10151,sample#10152,sample#10153,sample#10154,sample#10155,sample#10156,sample#10157,sample#10158,sample#10159,sample#10160,sample#10161,sample#10162,sample#10163,sample#10164,sample#10165,sample#10166,sample#10167,sample#10168,sample#10169,sample#10170,sample#10171,sample#10172,sample#10173,sample#10174,sample#10175,sample#10176,sample#10177,sample#10178,sample#10179,sample#10180,sample#10181,sample#10182,sample#10183,sample#10184,sample#10185,sample#10186,sample#10187,sample#10188,sample#10189,sample#10190,sample#10191,sample#10192,sample#10193,sample#10194,sample#10195,sample#10196,sample#10197,sample#10198,sample#10199,sample#10200,sample#10201,sample#10202,sample#10203,sample#10204,sample#10205,sample#10206,sample#10207,sample#10208,sample#10209,sample#10210,sample#10211,sample#10212,sample#10213,sample#10214,sample#10215,sample#10216,sample#10217,sample#10218,sample#10219,sample#10220,sample#10221,sample#10222,sample#10223,sample#10224,sample#10225,sample#10226,sample#10227,sample#10228,sample#10229,sample#10230,sample#10231,sample#10232,sample#10233,sample#10234,sample#10235,sample#10236,sample#10237,sample#10238,sample#10239,sample#10240,sample#10241,sample#10242,sample#10243,sample#10244,sample#10245,sample#10246,sample#10247,sample#10248,sample#10249,sample#10250,sample#10251,sample#10252,sample#10253,sample#10254,sample#10255,sample#10256,sample#10257,sample#10258,sample#10259,sample#10260,sample#10261,sample#10262,sample#10263,sample#10264,sample#10265,sample#10266,sample#10267,sample#10268,sample#10269,sample#10270,sample#10271,sample#10272,sample#10273,sample#10274,sample#10275,sample#10276,sample#10277,sample#10278,sample#10279,sample#10280,sample#10281,sample#10282,sample#10283,sample#10284,sample#10285,sample#10286,sample#10287,sample#10288,sample#10289,sample#10290,sample#10291,sample#10292,sample#10293,sample#10294,sample#10295,sample#10296,sample#10297,sample#10298,sample#10299,sample#10300,sample#10301,sample#10302,sample#10303,sample#10304,sample#10305,sample#10306,sample#10307,sample#10308,sample#10309,sample#10310,sample#10311,sample#10312,sample#10313,sample#10314,sample#10315,sample#10316,sample#10317,sample#10318,sample#10319,sample#10320,sample#10321,sample#10322,sample#10323,sample#10324,sample#10325,sample#10326,sample#10327,sample#10328,sample#10329,sample#10330,sample#10331,sample#10332,sample#10333,sample#10334,sample#10335,sample#10336,sample#10337,sample#10338,sample#10339,sample#10340,sample#10341,sample#10342,sample#10343,sample#10344,sample#10345,sample#10346,sample#10347,sample#10348,sample#10349,sample#10350,sample#10351,sample#10352,sample#10353,sample#10354,sample#10355,sample#10356,sample#10357,sample#10358,sample#10359,sample#10360,sample#10361,sample#10362,sample#10363,sample#10364,sample#10365,sample#10366,sample#10367,sample#10368,sample#10369,sample#10370,sample#10371,sample#10372,sample#10373,sample#10374,sample#10375,sample#10376,sample#10377,sample#10378,sample#10379,sample#10380,sample#10381,sample#10382,sample#10383,sample#10384,sample#10385,sample#10386,sample#10387,sample#10388,sample#10389,sample#10390,sample#10391,sample#10392,sample#10393,sample#10394,sample#10395,sample#10396,sample#10397,sample#10398,sample#10399,sample#10400,sample#10401,sample#10402,sample#10403,sample#10404,sample#10405,sample#10406,sample#10407,sample#10408,sample#10409,sample#10410,sample#10411,sample#10412,sample#10413,sample#10414,sample#10415,sample#10416,sample#10417,sample#10418,sample#10419,sample#10420,sample#10421,sample#10422,sample#10423,sample#10424,sample#10425,sample#10426,sample#10427,sample#10428,sample#10429,sample#10430,sample#10431,sample#10432,sample#10433,sample#10434,sample#10435,sample#10436,sample#10437,sample#10438,sample#10439,sample#10440,sample#10441,sample#10442,sample#10443,sample#10444,sample#10445,sample#10446,sample#10447,sample#10448,sample#10449,sample#10450,sample#10451,sample#10452,sample#10453,sample#10454,sample#10455,sample#10456,sample#10457,sample#10458,sample#10459,sample#10460,sample#10461,sample#10462,sample#10463,sample#10464,sample#10465,sample#10466,sample#10467,sample#10468,sample#10469,sample#10470,sample#10471,sample#10472,sample#10473,sample#10474,sample#10475,sample#10476,sample#10477,sample#10478,sample#10479,sample#10480,sample#10481,sample#10482,sample#10483,sample#10484,sample#10485,sample#10486,sample#10487,sample#10488,sample#10489,sample#10490,sample#10491,sample#10492,sample#10493,sample#10494,sample#10495,sample#10496,sample#10497,sample#10498,sample#10499,sample#10500,sample#10501,sample#10502,sample#10503,sample#10504,sample#10505,sample#10506,sample#10507,sample#10508,sample#10509,sample#10510,sample#10511,sample#10512,sample#10513,sample#10514,sample#10515,sample#10516,sample#10517,sample#10518,sample#10519,sample#10520,sample#10521,sample#10522,sample#10523,sample#10524,sample#10525,sample#10526,sample#10527,sample#10528,sample#10529,sample#10530,sample#10531,sample#10532,sample#10533,sample#10534,sample#10535,sample#10536,sample#10537,sample#10538,sample#10539,sample#10540,sample#10541,sample#10542,sample#10543,sample#10544,sample#10545,sample#10546,sample#10547,sample#10548,sample#10549,sample#10550,sample#10551,sample#10552,sample#10553,sample#10554,sample#10555,sample#10556,sample#10557,sample#10558,sample#10559,sample#10560,sample#10561,sample#10562,sample#10563,sample#10564,sample#10565,sample#10566,sample#10567,sample#10568,sample#10569,sample#10570,sample#10571,sample#10572,sample#10573,sample#10574,sample#10575,sample#10576,sample#10577,sample#10578,sample#10579,sample#10580,sample#10581,sample#10582,sample#10583,sample#10584,sample#10585,sample#10586,sample#10587,sample#10588,sample#10589,sample#10590,sample#10591,sample#10592,sample#10593,sample#10594,sample#10595,sample#10596,sample#10597,sample#10598,sample#10599,sample#10600,sample#10601,sample#10602,sample#10603,sample#10604,sample#10605,sample#10606,sample#10607,sample#10608,sample#10609,sample#10610,sample#10611,sample#10612,sample#10613,sample#10614,sample#10615,sample#10616,sample#10617,sample#10618,sample#10619,sample#10620,sample#10621,sample#10622,sample#10623,sample#10624,sample#10625,sample#10626,sample#10627,sample#10628,sample#10629,sample#10630,sample#10631,sample#10632,sample#10633,sample#10634,sample#10635,sample#10636,sample#10637,sample#10638,sample#10639,sample#10640,sample#10641,sample#10642,sample#10643,sample#10644,sample#10645,sample#10646,sample#10647,sample#10648,sample#10649,sample#10650,sample#10651,sample#10652,sample#10653,sample#10654,sample#10655,sample#10656,sample#10657,sample#10658,sample#10659,sample#10660,sample#10661,sample#10662,sample#10663,sample#10664,sample#10665,sample#10666,sample#10667,sample#10668,sample#10669,sample#10670,sample#10671,sample#10672,sample#10673,sample#10674,sample#10675,sample#10676,sample#10677,sample#10678,sample#10679,sample#10680,sample#10681,sample#10682,sample#10683,sample#10684,sample#10685,sample#10686,sample#10687,sample#10688,sample#10689,sample#10690,sample#10691,sample#10692,sample#10693,sample#10694,sample#10695,sample#10696,sample#10697,sample#10698,sample#10699,sample#10700,sample#10701,sample#10702,sample#10703,sample#10704,sample#10705,sample#10706,sample#10707,sample#10708,sample#10709,sample#10710,sample#10711,sample#10712,sample#10713,sample#10714,sample#10715,sample#10716,sample#10717,sample#10718,sample#10719,sample#10720,sample#10721,sample#10722,sample#10723,sample#10724,sample#10725,sample#10726,sample#10727,sample#10728,sample#10729,sample#10730,sample#10731,sample#10732,sample#10733,sample#10734,sample#10735,sample#10736,sample#10737,sample#10738,sample#10739,sample#10740,sample#10741,sample#10742,sample#10743,sample#10744,sample#10745,sample#10746,sample#10747,sample#10748,sample#10749,sample#10750,sample#10751,sample#10752,sample#10753,sample#10754,sample#10755,sample#10756,sample#10757,sample#10758,sample#10759,sample#10760,sample#10761,sample#10762,sample#10763,sample#10764,sample#10765,sample#10766,sample#10767,sample#10768,sample#10769,sample#10770,sample#10771,sample#10772,sample#10773,sample#10774,sample#10775,sample#10776,sample#10777,sample#10778,sample#10779,sample#10780,sample#10781,sample#10782,sample#10783,sample#10784,sample#10785,sample#10786,sample#10787,sample#10788,sample#10789,sample#10790,sample#10791,sample#10792,sample#10793,sample#10794,sample#10795,sample#10796,sample#10797,sample#10798,sample#10799,sample#10800,sample#10801,sample#10802,sample#10803,sample#10804,sample#10805,sample#10806,sample#10807,sample#10808,sample#10809,sample#10810,sample#10811,sample#10812,sample#10813,sample#10814,sample#10815,sample#10816,sample#10817,sample#10818,sample#10819,sample#10820,sample#10821,sample#10822,sample#10823,sample#10824,sample#10825,sample#10826,sample#10827,sample#10828,sample#10829,sample#10830,sample#10831,sample#10832,sample#10833,sample#10834,sample#10835,sample#10836,sample#10837,sample#10838,sample#10839,sample#10840,sample#10841,sample#10842,sample#10843,sample#10844,sample#10845,sample#10846,sample#10847,sample#10848,sample#10849,sample#10850,sample#10851,sample#10852,sample#10853,sample#10854,sample#10855,sample#10856,sample#10857,sample#10858,sample#10859,sample#10860,sample#10861,sample#10862,sample#10863,sample#10864,sample#10865,sample#10866,sample#10867,sample#10868,sample#10869,sample#10870,sample#10871,sample#10872,sample#10873,sample#10874,sample#10875,sample#10876,sample#10877,sample#10878,sample#10879,sample#10880,sample#10881,sample#10882,sample#10883,sample#10884,sample#10885,sample#10886,sample#10887,sample#10888,sample#10889,sample#10890,sample#10891,sample#10892,sample#10893,sample#10894,sample#10895,sample#10896,sample#10897,sample#10898,sample#10899,sample#10900,sample#10901,sample#10902,sample#10903,sample#10904,sample#10905,sample#10906,sample#10907,sample#10908,sample#10909,sample#10910,sample#10911,sample#10912,sample#10913,sample#10914,sample#10915,sample#10916,sample#10917,sample#10918,sample#10919,sample#10920,sample#10921,sample#10922,sample#10923,sample#10924,sample#10925,sample#10926,sample#10927,sample#10928,sample#10929,sample#10930,sample#10931,sample#10932,sample#10933,sample#10934,sample#10935,sample#10936,sample#10937,sample#10938,sample#10939,sample#10940,sample#10941,sample#10942,sample#10943,sample#10944,sample#10945,sample#10946,sample#10947,sample#10948,sample#10949,sample#10950,sample#10951,sample#10952,sample#10953,sample#10954,sample#10955,sample#10956,sample#10957,sample#10958,sample#10959,sample#10960,sample#10961,sample#10962,sample#10963,sample#10964,sample#10965,sample#10966,sample#10967,sample#10968,sample#10969,sample#10970,sample#10971,sample#10972,sample#10973,sample#10974,sample#10975,sample#10976,sample#10977,sample#10978,sample#10979,sample#10980,sample#10981,sample#10982,sample#10983,sample#10984,sample#10985,sample#10986,sample#10987,sample#10988,sample#10989,sample#10990,sample#10991,sample#10992,sample#10993,sample#10994,sample#10995,sample#10996,sample#10997,sample#10998,sample#10999,sample#11000,sample#11001,sample#11002,sample#11003,sample#11004,sample#11005,sample#11006,sample#11007,sample#11008,sample#11009,sample#11010,sample#11011,sample#11012,sample#11013,sample#11014,sample#11015,sample#11016,sample#11017,sample#11018,sample#11019,sample#11020,sample#11021,sample#11022,sample#11023,sample#11024,sample#11025,sample#11026,sample#11027,sample#11028,sample#11029,sample#11030,sample#11031,sample#11032,sample#11033,sample#11034,sample#11035,sample#11036,sample#11037,sample#11038,sample#11039,sample#11040,sample#11041,sample#11042,sample#11043,sample#11044,sample#11045,sample#11046,sample#11047,sample#11048,sample#11049,sample#11050,sample#11051,sample#11052,sample#11053,sample#11054,sample#11055
0,result,1,-1,-1,-1,-1,1,1,-1,-1,1,-1,1,-1,-1,-1,1,-1,-1,-1,1,1,1,1,1,1,1,1,-1,1,1,1,1,1,1,1,-1,-1,-1,-1,1,1,1,1,-1,-1,-1,1,1,-1,-1,1,-1,1,1,-1,-1,-1,1,1,-1,-1,-1,-1,1,-1,1,1,-1,-1,1,-1,1,1,-1,1,-1,-1,1,1,-1,1,-1,1,1,1,1,-1,-1,1,1,-1,-1,1,1,-1,1,-1,-1,-1,-1,1,-1,-1,1,-1,1,-1,-1,-1,1,-1,1,-1,-1,1,-1,1,-1,-1,1,1,1,1,1,1,-1,1,1,1,1,-1,-1,1,-1,1,-1,1,-1,1,-1,-1,-1,-1,-1,-1,-1,-1,-1,1,1,1,1,1,1,1,-1,1,-1,-1,1,1,1,1,-1,1,-1,1,1,1,-1,1,-1,1,1,1,-1,1,-1,-1,1,1,1,1,1,-1,1,-1,1,-1,-1,1,1,-1,1,-1,-1,1,1,-1,-1,1,-1,1,1,1,-1,-1,1,1,1,-1,1,1,1,1,1,-1,1,1,-1,1,-1,1,1,-1,-1,-1,-1,1,1,-1,-1,1,1,1,1,1,1,1,1,-1,1,-1,-1,1,-1,-1,-1,-1,-1,-1,-1,-1,1,1,-1,1,-1,-1,1,1,1,1,1,1,-1,1,-1,1,1,1,-1,1,1,1,1,1,1,1,-1,1,1,-1,1,1,-1,-1,-1,1,1,-1,1,1,1,-1,1,1,1,-1,1,-1,1,-1,1,-1,1,1,1,1,1,1,1,-1,-1,1,1,-1,-1,1,1,-1,1,1,1,1,1,1,-1,-1,-1,1,1,1,1,1,-1,-1,1,-1,-1,1,1,1,1,1,1,1,-1,1,1,1,-1,1,-1,1,1,-1,1,1,1,1,-1,-1,1,-1,1,1,1,1,-1,-1,1,1,-1,1,-1,1,1,-1,1,1,1,1,-1,-1,-1,1,-1,1,1,-1,-1,1,1,-1,1,1,1,1,1,1,1,-1,1,1,1,1,1,1,1,1,1,1,1,1,-1,-1,-1,-1,-1,-1,-1,-1,1,1,1,-1,-1,1,1,1,1,1,1,1,-1,1,-1,1,1,1,1,-1,-1,1,-1,1,-1,1,-1,-1,1,-1,-1,-1,-1,1,1,1,-1,-1,-1,-1,1,1,1,1,-1,-1,1,1,-1,-1,1,1,-1,-1,-1,-1,-1,-1,1,-1,-1,-1,1,-1,1,-1,1,1,1,1,-1,-1,1,-1,1,1,-1,1,1,1,1,-1,1,1,1,1,1,1,1,1,-1,1,-1,-1,1,1,1,-1,-1,1,-1,1,1,1,-1,1,1,1,-1,-1,-1,-1,-1,1,1,1,1,-1,-1,-1,1,1,1,1,1,-1,1,-1,1,1,1,1,1,-1,-1,-1,1,-1,1,1,1,1,1,1,1,1,1,1,1,1,-1,-1,1,1,-1,-1,-1,1,1,1,1,1,-1,1,1,-1,1,1,1,1,1,1,1,-1,1,1,1,1,-1,1,1,1,1,1,1,1,-1,1,1,1,-1,1,-1,1,-1,-1,-1,1,1,1,-1,-1,-1,-1,-1,1,-1,-1,1,1,1,-1,1,-1,1,1,1,-1,-1,-1,1,-1,1,-1,-1,1,-1,1,-1,-1,-1,1,-1,1,-1,1,-1,-1,-1,-1,-1,1,-1,1,1,1,-1,1,1,1,1,-1,1,1,-1,-1,1,1,1,1,1,-1,1,1,1,-1,1,-1,-1,-1,1,-1,-1,-1,-1,1,1,-1,-1,1,1,-1,-1,1,1,-1,-1,1,-1,-1,1,1,-1,1,-1,1,-1,-1,-1,1,1,-1,-1,1,-1,1,-1,1,1,-1,1,1,-1,-1,1,1,-1,1,-1,-1,1,1,-1,1,-1,-1,1,1,1,-1,1,-1,1,-1,1,1,1,1,-1,1,1,1,-1,-1,1,-1,-1,-1,1,-1,-1,-1,1,-1,1,1,1,-1,-1,1,-1,-1,-1,1,-1,1,1,-1,-1,1,1,-1,-1,-1,1,-1,1,1,-1,-1,-1,1,1,1,-1,1,-1,-1,1,-1,1,-1,-1,1,-1,1,1,1,1,1,1,-1,1,1,1,1,-1,1,1,-1,1,-1,-1,1,-1,1,-1,-1,-1,1,1,1,1,1,-1,1,-1,1,1,1,1,1,-1,1,-1,1,-1,-1,1,1,1,-1,-1,1,1,-1,-1,-1,1,1,1,1,1,1,1,-1,-1,-1,1,1,1,1,-1,1,1,-1,-1,1,1,-1,1,1,-1,1,-1,1,-1,1,-1,-1,-1,-1,-1,1,-1,1,1,-1,-1,1,-1,-1,1,-1,-1,1,-1,1,-1,-1,1,-1,1,1,-1,-1,-1,1,-1,-1,-1,-1,-1,1,1,1,-1,1,-1,1,-1,-1,1,1,1,-1,1,1,1,-1,1,-1,1,1,1,-1,1,1,-1,-1,1,1,1,1,1,-1,-1,1,1,1,-1,-1,-1,1,-1,-1,-1,1,1,1,-1,-1,1,-1,1,1,1,-1,1,-1,-1,1,-1,1,-1,-1,-1,1,-1,1,1,1,1,-1,-1,-1,-1,-1,1,-1,-1,1,-1,1,-1,1,1,-1,1,1,-1,-1,-1,1,1,1,-1,-1,1,-1,-1,1,-1,1,-1,-1,-1,1,1,-1,1,-1,1,1,-1,1,-1,-1,-1,1,-1,1,-1,-1,-1,1,1,1,-1,1,-1,-1,1,-1,1,1,1,-1,1,1,1,1,-1,1,1,-1,-1,1,1,1,-1,-1,-1,-1,-1,-1,-1,1,1,-1,-1,-1,-1,-1,1,-1,-1,1,-1,1,-1,-1,-1,1,1,-1,1,1,-1,-1,1,1,1,-1,-1,-1,1,1,1,-1,-1,1,-1,-1,-1,1,1,1,1,1,-1,1,1,1,-1,-1,-1,1,1,-1,-1,-1,-1,-1,1,-1,-1,-1,1,1,1,1,1,1,1,1,-1,-1,-1,1,-1,1,1,1,1,-1,-1,1,-1,1,1,1,-1,-1,1,1,-1,1,1,-1,1,-1,-1,1,-1,1,1,1,1,1,-1,-1,1,1,-1,-1,1,-1,-1,1,1,-1,-1,-1,1,1,1,-1,1,-1,-1,-1,-1,1,-1,1,1,1,-1,1,1,-1,1,-1,-1,1,-1,-1,-1,-1,1,1,-1,-1,1,-1,1,-1,-1,-1,1,-1,-1,-1,1,1,1,1,1,1,1,1,-1,1,1,1,1,1,1,1,-1,-1,-1,-1,1,1,1,1,-1,-1,-1,1,1,-1,-1,1,-1,1,1,-1,-1,-1,1,1,-1,-1,-1,-1,1,-1,1,1,-1,-1,1,-1,1,1,-1,1,-1,-1,1,1,-1,1,-1,1,1,1,1,-1,-1,1,1,-1,-1,1,1,-1,1,-1,-1,-1,-1,1,-1,-1,1,-1,1,-1,-1,-1,1,-1,1,-1,-1,1,-1,1,-1,-1,1,1,1,1,1,1,-1,1,1,1,1,-1,-1,1,-1,1,-1,1,-1,1,-1,-1,-1,-1,-1,-1,-1,-1,-1,1,1,1,1,1,1,1,-1,1,-1,-1,1,1,1,1,-1,1,-1,1,1,1,-1,1,-1,1,1,1,-1,1,-1,-1,1,1,1,1,1,-1,1,-1,1,-1,-1,1,1,-1,1,-1,-1,1,1,-1,-1,1,-1,1,1,1,-1,-1,1,1,1,-1,1,1,1,1,1,-1,1,1,-1,1,-1,1,1,-1,-1,-1,-1,1,1,-1,-1,1,1,1,1,1,1,1,1,-1,1,-1,-1,1,-1,-1,-1,-1,-1,-1,-1,-1,1,1,-1,1,-1,-1,1,1,1,1,1,1,-1,1,-1,1,1,1,-1,1,1,1,1,1,1,1,-1,1,1,-1,1,1,-1,-1,-1,1,1,-1,1,1,1,-1,1,1,1,-1,1,-1,1,-1,1,-1,1,1,1,1,1,1,1,-1,-1,1,1,-1,-1,1,1,-1,1,1,1,1,1,1,-1,-1,-1,1,1,1,1,1,-1,-1,1,-1,-1,1,1,1,1,1,1,1,-1,1,1,1,-1,1,-1,1,1,-1,1,1,1,1,-1,-1,1,-1,1,1,1,1,-1,-1,1,1,-1,1,-1,1,1,-1,1,1,1,1,-1,-1,-1,1,-1,1,1,-1,-1,1,1,-1,1,1,1,1,1,1,1,-1,1,1,1,1,1,1,1,1,1,1,1,1,-1,-1,-1,-1,-1,-1,-1,-1,1,1,1,-1,-1,1,1,1,1,1,1,1,-1,1,-1,1,1,1,1,-1,-1,1,-1,1,-1,1,-1,-1,1,-1,-1,-1,-1,1,1,1,-1,-1,-1,-1,1,1,1,1,-1,-1,1,1,-1,-1,1,1,-1,-1,-1,-1,-1,-1,1,-1,-1,-1,1,-1,1,-1,1,1,1,1,-1,-1,1,-1,1,1,-1,1,1,1,1,-1,1,1,1,1,1,1,1,1,-1,1,-1,-1,1,1,1,-1,-1,1,-1,1,1,1,-1,1,1,1,-1,-1,-1,-1,-1,1,1,1,1,-1,-1,-1,1,1,1,1,1,-1,1,-1,1,1,1,1,1,-1,-1,-1,1,-1,1,1,1,1,1,1,1,1,1,1,1,1,-1,-1,1,1,-1,-1,-1,1,1,1,1,1,-1,1,1,-1,1,1,1,1,1,1,1,-1,1,1,1,1,-1,1,1,1,1,1,1,1,-1,1,1,1,-1,1,-1,1,-1,-1,-1,1,1,1,-1,-1,-1,-1,-1,1,-1,-1,1,1,1,-1,1,-1,1,1,1,-1,-1,-1,1,-1,1,-1,-1,1,-1,1,-1,-1,-1,1,-1,1,-1,1,-1,-1,-1,-1,-1,1,-1,1,1,1,-1,1,1,1,1,-1,1,1,-1,-1,1,1,1,1,1,-1,1,1,1,-1,1,-1,-1,-1,1,-1,-1,-1,-1,1,1,-1,-1,1,1,-1,-1,1,1,-1,-1,1,-1,-1,1,1,-1,1,-1,1,-1,-1,-1,1,1,-1,-1,1,-1,1,-1,1,1,-1,1,1,-1,-1,1,1,-1,1,-1,-1,1,1,-1,1,-1,-1,1,1,1,-1,1,-1,1,-1,1,1,1,1,-1,1,1,1,-1,-1,1,-1,-1,-1,1,-1,-1,-1,1,-1,1,1,1,-1,-1,1,-1,-1,-1,1,-1,1,1,-1,-1,1,1,-1,-1,-1,1,-1,1,1,-1,-1,-1,1,1,1,-1,1,-1,-1,1,-1,1,-1,-1,1,-1,1,1,1,1,1,1,-1,1,1,1,1,-1,1,1,-1,1,-1,-1,1,-1,1,-1,-1,-1,1,1,1,1,1,-1,1,-1,1,1,1,1,1,-1,1,-1,1,-1,-1,1,1,1,-1,-1,1,1,-1,-1,-1,1,1,1,1,1,1,1,-1,-1,-1,1,1,1,1,-1,1,1,-1,-1,1,1,-1,1,1,-1,1,-1,1,-1,1,-1,-1,-1,-1,-1,1,-1,1,1,-1,-1,1,-1,-1,1,-1,-1,1,-1,1,-1,-1,1,-1,1,1,-1,-1,-1,1,-1,-1,-1,-1,-1,1,1,1,-1,1,-1,1,-1,-1,1,1,1,-1,1,1,1,-1,1,-1,1,1,1,-1,1,1,-1,-1,1,1,1,1,1,-1,-1,1,1,1,-1,-1,-1,1,-1,-1,-1,1,1,1,-1,-1,1,-1,1,1,1,-1,1,-1,-1,1,-1,1,-1,-1,-1,1,-1,1,1,1,1,-1,-1,-1,-1,-1,1,-1,-1,1,-1,1,-1,1,1,-1,1,1,-1,-1,-1,1,1,1,-1,-1,1,-1,-1,1,-1,1,-1,-1,-1,1,1,-1,1,-1,1,1,-1,1,-1,-1,-1,1,-1,1,-1,-1,-1,1,1,1,-1,1,-1,-1,1,-1,1,1,1,-1,1,1,1,1,-1,1,1,-1,-1,1,1,1,-1,-1,-1,-1,-1,-1,-1,1,1,-1,-1,-1,-1,-1,1,-1,-1,1,-1,1,-1,-1,-1,1,1,-1,1,1,-1,-1,1,1,1,-1,-1,-1,1,1,1,-1,-1,1,-1,-1,-1,1,1,1,1,1,-1,1,1,1,-1,-1,-1,1,1,-1,-1,-1,-1,-1,1,-1,-1,-1,1,1,1,1,1,1,1,1,-1,-1,-1,1,-1,1,1,1,1,-1,-1,1,-1,1,1,1,-1,-1,1,1,-1,1,1,-1,1,-1,-1,1,-1,1,1,1,1,1,-1,-1,1,1,-1,-1,1,-1,-1,1,1,-1,-1,-1,1,1,1,-1,1,-1,-1,-1,-1,1,-1,1,1,1,-1,1,1,-1,1,-1,-1,1,-1,1,1,-1,1,-1,-1,-1,-1,1,1,1,1,-1,1,-1,1,1,1,-1,1,-1,-1,-1,1,-1,-1,1,1,-1,-1,1,1,1,1,-1,1,1,1,-1,-1,1,1,-1,-1,1,1,1,1,1,1,1,1,1,1,1,-1,1,1,1,1,-1,1,1,1,-1,1,1,1,-1,-1,-1,1,-1,1,1,1,1,-1,1,-1,1,-1,1,1,1,1,-1,1,1,-1,1,1,1,-1,-1,1,-1,1,1,1,1,1,1,1,-1,-1,1,1,-1,1,-1,1,-1,1,1,-1,-1,1,1,-1,-1,-1,1,-1,1,1,1,-1,1,1,-1,-1,1,-1,1,-1,-1,-1,1,-1,1,1,1,1,-1,1,1,1,1,-1,1,-1,1,1,-1,1,-1,-1,-1,-1,-1,-1,1,-1,-1,1,1,1,1,1,1,1,1,1,1,1,1,1,1,1,1,-1,1,1,-1,1,1,-1,-1,-1,-1,-1,-1,-1,1,1,-1,-1,-1,1,1,-1,1,-1,1,-1,-1,1,1,1,1,-1,-1,-1,-1,-1,1,1,1,1,1,-1,1,1,1,1,1,1,1,-1,-1,1,1,-1,1,1,-1,-1,1,1,1,-1,1,1,1,1,-1,1,-1,1,1,-1,1,1,-1,-1,-1,-1,1,-1,1,1,1,-1,1,1,1,-1,1,1,1,-1,1,-1,1,-1,1,1,-1,-1,1,1,-1,1,1,1,1,-1,-1,1,1,-1,-1,1,-1,1,1,1,1,1,1,1,1,1,-1,-1,-1,1,-1,-1,1,-1,-1,-1,1,1,1,-1,1,1,-1,-1,1,-1,1,1,-1,1,-1,-1,1,-1,1,1,1,1,1,1,1,-1,-1,1,-1,-1,-1,-1,-1,-1,-1,1,1,1,1,1,1,1,1,1,1,-1,-1,-1,1,1,1,1,1,1,-1,1,-1,-1,1,-1,1,1,-1,-1,-1,1,1,1,1,1,1,1,1,-1,-1,1,-1,1,1,-1,1,1,1,1,1,1,-1,1,1,-1,1,-1,1,-1,-1,-1,1,-1,1,1,1,1,1,1,-1,-1,1,1,1,1,-1,-1,1,-1,-1,-1,1,-1,1,-1,-1,-1,1,1,1,-1,-1,-1,-1,-1,1,-1,1,1,1,1,1,-1,1,1,-1,-1,1,-1,1,1,1,1,1,1,-1,1,1,1,1,-1,1,1,-1,1,1,-1,-1,-1,-1,1,-1,1,1,-1,-1,1,-1,1,-1,-1,1,-1,1,1,1,-1,1,-1,1,-1,1,1,1,1,-1,1,-1,1,1,-1,1,-1,-1,1,-1,1,-1,1,-1,-1,1,1,1,1,1,1,-1,-1,1,-1,1,1,-1,-1,-1,1,1,1,-1,1,1,-1,-1,1,1,1,-1,1,-1,-1,-1,1,1,-1,1,1,1,-1,-1,-1,1,1,-1,1,1,-1,-1,-1,1,1,1,-1,-1,-1,-1,1,-1,1,1,1,1,-1,-1,-1,1,-1,1,-1,1,-1,1,-1,1,1,-1,1,1,-1,-1,1,-1,-1,-1,1,1,-1,-1,-1,-1,-1,-1,-1,-1,1,-1,1,-1,-1,-1,-1,-1,1,-1,1,-1,1,-1,-1,-1,-1,1,-1,1,1,-1,1,1,1,1,-1,-1,-1,-1,1,1,1,-1,-1,1,-1,1,1,1,-1,1,-1,1,-1,1,-1,-1,-1,-1,-1,-1,-1,-1,-1,1,1,1,-1,1,-1,1,-1,1,-1,1,-1,-1,1,-1,-1,1,1,1,1,1,-1,-1,-1,-1,-1,1,-1,-1,-1,-1,1,1,-1,1,-1,1,1,-1,1,1,-1,1,-1,1,1,1,1,-1,1,1,-1,-1,-1,-1,1,-1,-1,1,-1,-1,-1,1,1,1,1,-1,-1,-1,1,-1,-1,1,-1,1,-1,1,1,1,1,-1,1,1,-1,-1,1,-1,-1,1,1,-1,1,-1,1,1,-1,-1,-1,-1,-1,1,-1,-1,-1,1,-1,1,1,1,1,-1,1,-1,-1,-1,-1,-1,1,-1,1,1,-1,1,1,1,1,1,1,1,-1,1,1,1,1,1,1,1,1,-1,-1,1,-1,-1,-1,1,1,1,1,1,-1,-1,-1,-1,1,-1,-1,-1,1,1,-1,1,-1,-1,-1,1,1,1,1,-1,1,1,1,-1,-1,1,-1,1,-1,1,-1,-1,1,-1,-1,1,1,-1,-1,1,-1,-1,1,1,1,-1,1,1,-1,1,1,1,1,-1,-1,1,-1,1,-1,1,1,-1,1,-1,-1,1,1,1,-1,1,-1,-1,1,-1,1,1,1,-1,1,-1,1,1,1,-1,1,-1,1,1,-1,-1,1,1,-1,1,1,1,-1,1,-1,-1,-1,1,1,1,1,-1,1,-1,1,1,-1,-1,-1,1,-1,1,1,1,-1,1,-1,1,1,1,1,1,-1,-1,1,1,-1,1,1,1,1,1,1,-1,-1,1,-1,-1,1,1,1,-1,1,1,-1,-1,1,-1,-1,-1,1,-1,-1,-1,-1,1,1,1,-1,1,-1,-1,1,1,-1,-1,-1,-1,1,-1,1,1,1,1,1,1,-1,1,-1,1,1,-1,-1,1,-1,-1,1,1,-1,-1,1,1,-1,1,1,1,1,-1,-1,-1,1,1,-1,-1,-1,1,-1,-1,1,1,-1,-1,1,-1,-1,1,-1,-1,-1,1,1,1,-1,1,1,-1,-1,-1,1,1,1,1,-1,-1,1,-1,-1,-1,1,-1,-1,1,1,-1,1,-1,1,1,1,-1,1,1,-1,1,-1,-1,1,1,-1,1,-1,1,-1,-1,1,1,-1,1,1,1,-1,-1,1,-1,-1,-1,1,1,1,1,1,1,1,-1,-1,-1,1,1,1,1,1,-1,1,-1,1,-1,1,-1,-1,1,1,1,-1,-1,-1,1,-1,-1,-1,1,-1,1,-1,1,1,-1,-1,1,-1,1,-1,1,1,1,1,-1,1,1,-1,1,1,1,1,-1,-1,1,-1,1,1,-1,1,1,1,-1,-1,1,-1,-1,1,1,1,1,-1,-1,-1,-1,1,-1,1,1,1,1,1,-1,1,1,-1,1,-1,-1,1,-1,1,-1,1,-1,1,-1,-1,1,1,1,1,1,-1,-1,1,1,1,-1,-1,-1,1,1,1,1,-1,1,-1,-1,-1,1,1,1,-1,-1,1,-1,-1,1,1,1,1,-1,-1,1,1,-1,-1,-1,-1,-1,1,-1,-1,1,-1,1,-1,1,-1,-1,-1,-1,-1,1,-1,-1,1,1,1,-1,1,1,1,-1,1,1,1,1,-1,1,1,1,1,-1,1,-1,-1,1,1,1,-1,-1,1,-1,1,-1,1,1,1,-1,1,1,1,-1,-1,1,1,1,1,1,1,1,1,1,1,1,1,1,-1,1,-1,1,-1,1,-1,1,-1,1,-1,-1,-1,-1,1,1,-1,-1,-1,-1,1,1,-1,-1,-1,-1,-1,-1,1,1,1,-1,1,-1,1,-1,-1,1,1,1,-1,1,-1,1,-1,1,-1,-1,-1,1,1,1,1,-1,1,-1,1,1,-1,-1,1,1,1,1,-1,-1,1,-1,-1,-1,-1,-1,-1,1,1,1,1,1,1,-1,-1,1,-1,1,-1,1,1,-1,-1,-1,-1,1,1,-1,1,1,1,1,-1,1,-1,1,-1,-1,-1,-1,1,1,-1,1,-1,1,-1,1,-1,1,1,1,1,1,1,1,-1,-1,1,1,1,1,1,1,-1,1,-1,1,1,1,1,1,-1,-1,-1,1,-1,1,1,-1,1,-1,1,1,-1,1,-1,1,1,1,-1,1,1,1,-1,-1,1,1,-1,-1,-1,1,1,-1,-1,1,-1,1,-1,-1,-1,1,1,1,1,1,-1,1,-1,1,-1,-1,1,1,1,1,1,-1,-1,-1,-1,1,-1,1,1,1,-1,1,-1,-1,1,-1,-1,-1,-1,-1,-1,-1,1,1,1,1,1,-1,1,-1,1,1,-1,1,1,1,1,-1,1,-1,1,-1,1,1,1,-1,1,-1,-1,-1,-1,-1,-1,-1,-1,1,-1,-1,1,1,1,-1,1,1,-1,-1,1,1,-1,-1,1,-1,1,-1,-1,-1,1,1,1,-1,1,-1,-1,1,1,-1,-1,1,-1,1,1,1,1,1,1,-1,1,1,1,-1,1,1,-1,-1,1,1,1,1,1,1,-1,1,-1,-1,1,1,-1,-1,-1,1,-1,-1,1,1,-1,-1,1,-1,1,-1,1,-1,1,-1,-1,-1,-1,1,1,1,-1,1,1,-1,1,-1,-1,1,1,1,1,1,1,-1,1,-1,1,1,1,1,1,1,-1,-1,1,-1,-1,-1,-1,1,-1,1,1,1,1,1,-1,-1,1,1,1,1,1,1,1,-1,-1,-1,-1,1,-1,-1,-1,1,-1,-1,1,1,1,1,1,1,-1,-1,1,-1,1,-1,-1,1,1,-1,1,1,1,-1,-1,1,-1,1,-1,1,-1,1,1,1,-1,-1,-1,1,1,-1,1,-1,-1,1,1,-1,1,1,-1,1,1,-1,-1,-1,-1,-1,1,-1,-1,1,1,1,-1,1,-1,-1,-1,-1,-1,1,-1,-1,1,1,1,1,1,-1,1,-1,1,-1,1,-1,-1,-1,1,1,1,1,1,-1,1,1,1,1,1,-1,1,1,-1,1,1,-1,1,1,1,-1,1,1,-1,-1,1,-1,1,-1,-1,-1,-1,-1,1,-1,-1,1,-1,1,1,1,-1,-1,1,-1,-1,-1,1,1,-1,1,1,-1,1,1,1,1,-1,1,-1,1,1,1,1,-1,-1,-1,-1,1,-1,-1,1,1,1,-1,1,1,1,1,-1,1,1,1,1,-1,1,1,-1,-1,-1,1,-1,1,1,1,1,1,-1,1,1,1,-1,-1,-1,1,-1,-1,1,-1,1,1,-1,-1,-1,1,-1,-1,-1,1,-1,1,-1,1,-1,-1,1,1,1,-1,1,-1,-1,-1,1,1,1,1,-1,1,-1,1,1,1,-1,1,-1,-1,1,1,-1,-1,-1,-1,1,1,1,-1,-1,1,1,1,1,1,1,1,1,-1,1,1,1,-1,1,1,-1,-1,1,-1,-1,1,-1,1,-1,1,1,1,-1,1,1,-1,-1,-1,1,1,1,1,-1,1,1,1,1,1,1,1,1,-1,1,1,1,1,1,-1,1,1,1,-1,1,1,-1,1,1,1,1,1,-1,-1,-1,1,1,-1,1,1,1,1,1,-1,1,1,1,-1,-1,1,-1,1,1,1,-1,1,-1,1,-1,1,-1,-1,1,-1,-1,-1,1,1,1,1,1,1,-1,-1,1,1,1,1,-1,-1,1,-1,1,-1,1,1,-1,1,1,1,1,-1,1,-1,1,-1,1,-1,1,1,1,1,-1,-1,1,-1,-1,1,1,1,-1,1,-1,1,1,1,1,-1,-1,-1,1,1,-1,-1,-1,-1,-1,-1,1,-1,1,-1,-1,1,1,1,-1,1,-1,-1,1,-1,-1,-1,-1,1,1,1,-1,1,1,-1,-1,-1,1,-1,-1,1,1,-1,-1,-1,1,-1,1,1,1,1,-1,-1,-1,-1,1,1,-1,-1,-1,1,-1,-1,-1,1,-1,1,1,-1,1,1,1,-1,1,-1,1,1,1,1,-1,-1,1,1,1,1,-1,1,1,1,1,-1,-1,1,-1,1,1,1,-1,-1,1,1,1,-1,1,1,1,1,1,-1,-1,1,-1,1,-1,1,1,1,-1,-1,-1,-1,1,1,-1,1,1,1,-1,1,1,-1,1,-1,1,1,1,-1,-1,1,-1,1,-1,-1,-1,-1,-1,-1,-1,1,-1,1,1,1,1,-1,-1,-1,-1,-1,1,1,1,-1,1,1,-1,1,-1,-1,-1,1,1,-1,-1,1,1,-1,1,-1,1,1,1,1,-1,1,-1,1,1,-1,-1,-1,-1,1,-1,1,1,1,1,-1,-1,1,1,-1,1,-1,-1,-1,-1,1,-1,1,-1,-1,1,-1,-1,1,-1,-1,-1,-1,1,-1,1,1,1,-1,-1,1,-1,-1,1,-1,1,-1,-1,1,-1,-1,-1,-1,-1,1,-1,1,1,1,-1,1,1,1,-1,-1,1,1,1,-1,1,1,-1,-1,1,1,1,-1,1,1,1,-1,1,1,1,-1,1,1,-1,1,1,1,-1,1,1,-1,-1,-1,-1,1,-1,-1,-1,1,-1,-1,-1,-1,1,1,1,1,1,-1,-1,1,1,-1,1,1,1,1,-1,-1,-1,1,1,1,1,-1,1,-1,-1,-1,-1,-1,1,1,1,-1,1,-1,-1,1,1,1,1,-1,1,1,1,-1,1,1,1,1,1,1,1,-1,-1,-1,1,-1,1,1,-1,1,-1,-1,1,-1,-1,1,-1,1,1,-1,-1,1,1,-1,1,-1,-1,-1,-1,1,1,1,1,-1,1,-1,1,1,1,-1,1,-1,-1,-1,1,-1,-1,1,1,-1,-1,1,1,1,1,-1,1,1,1,-1,-1,1,1,-1,-1,1,1,1,1,1,1,1,1,1,1,1,-1,1,1,1,1,-1,-1,1,-1,-1,-1,-1,-1,-1,-1,1,1,1,1,1,1,1,1,1,1,-1,-1,-1,1,1,1,1,1,1,-1,1,-1,-1,1,-1,1,1,-1,-1,-1,1,1,1,1,1,1,1,1,-1,-1,1,-1,1,1,-1,1,1,1,1,1,1,-1,1,1,-1,1,-1,1,-1,-1,-1,1,-1,1,1,1,1,1,1,-1,-1,1,-1,1,-1,-1,1,-1,-1,-1,1,1,1,1,-1,-1,-1,1,-1,-1,1,-1,1,-1,1,1,1,1,-1,1,1,-1,-1,1,-1,-1,1,1,-1,1,-1,1,1,-1,-1,-1,-1,-1,1,-1,-1,-1,1,-1,1,1,1,1,-1,1,-1,-1,-1,-1,-1,1,-1,1,1,-1,1,1,1,-1,1,1,-1,1,-1,-1,-1,-1,1,1,1,1,-1,1,-1,1,1,1,-1,1,-1,-1,-1,1,-1,-1,1,1,-1,-1,1,1,1,1,-1,1,1,1,-1,-1,1,1,-1,-1,1,1,1,1,1,1,1,1,1,1,1,-1,1,1,1,1,-1,1,1,1,-1,1,1,1,-1,-1,-1,1,-1,1,1,1,1,-1,1,-1,1,-1,1,1,1,1,-1,1,1,-1,1,1,1,-1,-1,1,-1,1,1,1,1,1,1,1,-1,-1,1,1,-1,1,-1,1,-1,1,1,-1,-1,1,1,-1,-1,-1,1,-1,1,1,1,-1,1,1,-1,-1,1,-1,1,-1,-1,-1,1,-1,1,1,1,1,-1,1,1,1,1,-1,1,-1,1,1,-1,1,-1,-1,-1,-1,-1,-1,1,-1,-1,1,1,1,1,1,1,1,1,1,1,1,1,1,1,1,1,-1,1,1,-1,1,1,-1,-1,-1,-1,-1,-1,-1,1,1,-1,-1,-1,1,1,-1,1,-1,1,-1,-1,1,1,1,1,-1,-1,-1,-1,-1,1,1,1,1,1,-1,1,1,1,1,1,1,1,-1,-1,1,1,-1,1,1,-1,-1,1,1,1,-1,1,1,1,1,-1,1,-1,1,1,-1,1,1,-1,-1,-1,-1,1,-1,1,1,1,-1,1,1,1,-1,1,1,1,-1,1,-1,1,-1,1,1,-1,-1,1,1,-1,1,1,1,1,-1,-1,1,1,-1,-1,1,-1,1,1,1,1,1,1,1,1,1,-1,-1,-1,1,-1,-1,1,-1,-1,-1,1,1,1,-1,1,1,-1,-1,1,-1,1,1,-1,1,-1,-1,1,-1,1,1,1,1,1,1,1,-1,-1,1,-1,-1,-1,-1,-1,-1,-1,1,1,1,1,1,1,1,1,1,1,-1,-1,-1,1,1,1,1,1,1,-1,1,-1,-1,1,-1,1,1,-1,-1,-1,1,1,1,1,1,1,1,1,-1,-1,1,-1,1,1,-1,1,1,1,1,1,1,-1,1,1,-1,1,-1,1,-1,-1,-1,1,-1,1,1,1,1,1,1,-1,-1,1,1,1,1,-1,-1,1,-1,-1,-1,1,-1,1,-1,-1,-1,1,1,1,-1,-1,-1,-1,-1,1,-1,1,1,1,1,1,-1,1,1,-1,-1,1,-1,1,1,1,1,1,1,-1,1,1,1,1,-1,1,1,-1,1,1,-1,-1,-1,-1,1,-1,1,1,-1,-1,1,-1,1,-1,-1,1,-1,1,1,1,-1,1,-1,1,-1,1,1,1,1,-1,1,-1,1,1,-1,1,-1,-1,1,-1,1,-1,1,-1,-1,1,1,1,1,1,1,-1,-1,1,-1,1,1,-1,-1,-1,1,1,1,-1,1,1,-1,-1,1,1,1,-1,1,-1,-1,-1,1,1,-1,1,1,1,-1,-1,-1,1,1,-1,1,1,-1,-1,-1,1,1,1,-1,-1,-1,-1,1,-1,1,1,1,1,-1,-1,-1,1,-1,1,-1,1,-1,1,-1,1,1,-1,1,1,-1,-1,1,-1,-1,-1,1,1,-1,-1,-1,-1,-1,-1,-1,-1,1,-1,1,-1,-1,-1,-1,-1,1,-1,1,-1,1,-1,-1,-1,-1,1,-1,1,1,-1,1,1,1,1,-1,-1,-1,-1,1,1,1,-1,-1,1,-1,1,1,1,-1,1,-1,1,-1,1,-1,-1,-1,-1,-1,-1,-1,-1,-1,1,1,1,-1,1,-1,1,-1,1,-1,1,-1,-1,1,-1,-1,1,1,1,1,1,-1,-1,-1,-1,-1,1,-1,-1,-1,-1,1,1,-1,1,-1,1,1,-1,1,1,-1,1,-1,1,1,1,1,-1,1,1,-1,-1,-1,-1,1,-1,-1,1,-1,-1,-1,1,1,1,1,-1,-1,-1,1,-1,-1,1,-1,1,-1,1,1,1,1,-1,1,1,-1,-1,1,-1,-1,1,1,-1,1,-1,1,1,-1,-1,-1,-1,-1,1,-1,-1,-1,1,-1,1,1,1,1,-1,1,-1,-1,-1,-1,-1,1,-1,1,1,-1,1,1,1,1,1,1,1,-1,1,1,1,1,1,1,1,1,-1,-1,1,-1,-1,-1,1,1,1,1,1,-1,-1,-1,-1,1,-1,-1,-1,1,1,-1,1,-1,-1,-1,1,1,1,1,-1,1,1,1,-1,-1,1,-1,1,-1,1,-1,-1,1,-1,-1,1,1,-1,-1,1,-1,-1,1,1,1,-1,1,1,-1,1,1,1,1,-1,-1,1,-1,1,-1,1,1,-1,1,-1,-1,1,1,1,-1,1,-1,-1,1,-1,1,1,1,-1,1,-1,1,1,1,-1,1,-1,1,1,-1,-1,1,1,-1,1,1,1,-1,1,-1,-1,-1,1,1,1,1,-1,1,-1,1,1,-1,-1,-1,1,-1,1,1,1,-1,1,-1,1,1,1,1,1,-1,-1,1,1,-1,1,1,1,1,1,1,-1,-1,1,-1,-1,1,1,1,-1,1,1,-1,-1,1,-1,-1,-1,1,-1,-1,-1,-1,1,1,1,-1,1,-1,-1,1,1,-1,-1,-1,-1,1,-1,1,1,1,1,1,1,-1,1,-1,1,1,-1,-1,1,-1,-1,1,1,-1,-1,1,1,-1,1,1,1,1,-1,-1,-1,1,1,-1,-1,-1,1,-1,-1,1,1,-1,-1,1,-1,-1,1,-1,-1,-1,1,1,1,-1,1,1,-1,-1,-1,1,1,1,1,-1,-1,1,-1,-1,-1,1,-1,-1,1,1,-1,1,-1,1,1,1,-1,1,1,-1,1,-1,-1,1,1,-1,1,-1,1,-1,-1,1,1,-1,1,1,1,-1,-1,1,-1,-1,-1,1,1,1,1,1,1,1,-1,-1,-1,1,1,1,1,1,-1,1,-1,1,-1,1,-1,-1,1,1,1,-1,-1,-1,1,-1,-1,-1,1,-1,1,-1,1,1,-1,-1,1,-1,1,-1,1,1,1,1,-1,1,1,-1,1,1,1,1,-1,-1,1,-1,1,1,-1,1,1,1,-1,-1,1,-1,-1,1,1,1,1,-1,-1,-1,-1,1,-1,1,1,1,1,1,-1,1,1,-1,1,-1,-1,1,-1,1,-1,1,-1,1,-1,-1,1,1,1,1,1,-1,-1,1,1,1,-1,-1,-1,1,1,1,1,-1,1,-1,-1,-1,1,1,1,-1,-1,1,-1,-1,1,1,1,1,-1,-1,1,1,-1,-1,-1,-1,-1,1,-1,-1,1,-1,1,-1,1,-1,-1,-1,-1,-1,1,-1,-1,1,1,1,-1,1,1,1,-1,1,1,1,1,-1,1,1,1,1,-1,1,-1,-1,1,1,1,-1,-1,1,-1,1,-1,1,1,1,-1,1,1,1,-1,-1,1,1,1,1,1,1,1,1,1,1,1,1,1,-1,1,-1,1,-1,1,-1,1,-1,1,-1,-1,-1,-1,1,1,-1,-1,-1,-1,1,1,-1,-1,-1,-1,-1,-1,1,1,1,-1,1,-1,1,-1,-1,1,1,1,-1,1,-1,1,-1,1,-1,-1,-1,1,1,1,1,-1,1,-1,1,1,-1,-1,1,1,1,1,-1,-1,1,-1,-1,-1,-1,-1,-1,1,1,1,1,1,1,-1,-1,1,-1,1,-1,1,1,-1,-1,-1,-1,1,1,-1,1,1,1,1,-1,1,-1,1,-1,-1,-1,-1,1,1,-1,1,-1,1,-1,1,-1,1,1,1,1,1,1,1,-1,-1,1,1,1,1,1,1,-1,1,-1,1,1,1,1,1,-1,-1,-1,1,-1,1,1,-1,1,-1,1,1,-1,1,-1,1,1,1,-1,1,1,1,-1,-1,1,1,-1,-1,-1,1,1,-1,-1,1,-1,1,-1,-1,-1,1,1,1,1,1,-1,1,-1,1,-1,-1,1,1,1,1,1,-1,-1,-1,-1,1,-1,1,1,1,-1,1,-1,-1,1,-1,-1,-1,-1,-1,-1,-1,1,1,1,1,1,-1,1,-1,1,1,-1,1,1,1,1,-1,1,-1,1,-1,1,1,1,-1,1,-1,-1,-1,-1,-1,-1,-1,-1,1,-1,-1,1,1,1,-1,1,1,-1,-1,1,1,-1,-1,1,-1,1,-1,-1,-1,1,1,1,-1,1,-1,-1,1,1,-1,-1,1,-1,1,1,1,1,1,1,-1,1,1,1,-1,1,1,-1,-1,1,1,1,1,1,1,-1,1,-1,-1,1,1,-1,-1,-1,1,-1,-1,1,1,-1,-1,1,-1,1,-1,1,-1,1,-1,-1,-1,-1,1,1,1,-1,1,1,-1,1,-1,-1,1,1,1,1,1,1,-1,1,-1,1,1,1,1,1,1,-1,-1,1,-1,-1,-1,-1,1,-1,1,1,1,1,1,-1,-1,1,1,1,1,1,1,1,-1,-1,-1,-1,1,-1,-1,-1,1,-1,-1,1,1,1,1,1,1,-1,-1,1,-1,1,-1,-1,1,1,-1,1,1,1,-1,-1,1,-1,1,-1,1,-1,1,1,1,-1,-1,-1,1,1,-1,1,-1,-1,1,1,-1,1,1,-1,1,1,-1,-1,-1,-1,-1,1,-1,-1,1,1,1,-1,1,-1,-1,-1,-1,-1,1,-1,-1,1,1,1,1,1,-1,1,-1,1,-1,1,-1,-1,-1,1,1,1,1,1,-1,1,1,1,1,1,-1,1,1,-1,1,1,-1,1,1,1,-1,1,1,-1,-1,1,-1,1,-1,-1,-1,-1,-1,1,-1,-1,1,-1,1,1,1,-1,-1,1,-1,-1,-1,1,1,-1,1,1,-1,1,1,1,1,-1,1,-1,1,1,1,1,-1,-1,-1,-1,1,-1,-1,1,1,1,-1,1,1,1,1,-1,1,1,1,1,-1,1,1,-1,-1,-1,1,-1,1,1,1,1,1,-1,1,1,1,-1,-1,-1,1,-1,-1,1,-1,1,1,-1,-1,-1,1,-1,-1,-1,1,-1,1,-1,1,-1,-1,1,1,1,-1,1,-1,-1,-1,1,1,1,1,-1,1,-1,1,1,1,-1,1,-1,-1,1,1,-1,-1,-1,-1,1,1,1,-1,-1,1,1,1,1,1,1,1,1,-1,1,1,1,-1,1,1,-1,-1,1,-1,-1,1,-1,1,-1,1,1,1,-1,1,1,-1,-1,-1,1,1,1,1,-1,1,1,1,1,1,1,1,1,-1,1,1,1,1,1,-1,1,1,1,-1,1,1,-1,1,1,1,1,1,-1,-1,-1,1,1,-1,1,1,1,1,1,-1,1,1,1,-1,-1,1,-1,1,1,1,-1,1,-1,1,-1,1,-1,-1,1,-1,-1,-1,1,1,1,1,1,1,-1,-1,1,1,1,1,-1,-1,1,-1,1,-1,1,1,-1,1,1,1,1,-1,1,-1,1,-1,1,-1,1,1,1,1,-1,-1,1,-1,-1,1,1,1,-1,1,-1,1,1,1,1,-1,-1,-1,1,1,-1,-1,-1,-1,-1,-1,1,-1,1,-1,-1,1,1,1,-1,1,-1,-1,1,-1,-1,-1,-1,1,1,1,-1,1,1,-1,-1,-1,1,-1,-1,1,1,-1,-1,-1,1,-1,1,1,1,1,-1,-1,-1,-1,1,1,-1,-1,-1,1,-1,-1,-1,1,-1,1,1,-1,1,1,1,-1,1,-1,1,1,1,1,-1,-1,1,1,1,1,-1,1,1,1,1,-1,-1,1,-1,1,1,1,-1,-1,1,1,1,-1,1,1,1,1,1,-1,-1,1,-1,1,-1,1,1,1,-1,-1,-1,-1,1,1,-1,1,1,1,-1,1,1,-1,1,-1,1,1,1,-1,-1,1,-1,1,-1,-1,-1,-1,-1,-1,-1,1,-1,1,1,1,1,-1,-1,-1,-1,-1,1,1,1,-1,1,1,-1,1,-1,-1,-1,1,1,-1,-1,1,1,-1,1,-1,1,1,1,1,-1,1,-1,1,1,-1,-1,-1,-1,1,-1,1,1,1,1,-1,-1,1,1,-1,1,-1,-1,-1,-1,1,-1,1,-1,-1,1,-1,-1,1,-1,-1,-1,-1,1,-1,1,1,1,-1,-1,1,-1,-1,1,-1,1,-1,-1,1,-1,-1,-1,-1,-1,1,-1,1,1,1,-1,1,1,1,-1,-1,1,1,1,-1,1,1,-1,-1,1,1,1,-1,1,1,1,-1,1,1,1,-1,1,1,-1,1,1,1,-1,1,1,-1,-1,-1,-1,1,-1,-1,-1,1,-1,-1,-1,-1,1,1,1,1,1,-1,-1,1,1,-1,1,1,1,1,-1,-1,-1,1,1,1,1,-1,1,-1,-1,-1,-1,-1,1,1,1,-1,1,-1,-1,1,1,1,1,-1,1,1,1,-1,1,1,1,1,1,1,1,-1,-1,-1,1,-1,1,1,-1,1,-1,-1,1,-1,-1,1,-1,1,1,-1,-1,1,1,-1,1,-1,-1,-1,-1,1,1,1,1,-1,1,-1,1,1,1,-1,1,-1,-1,-1,1,-1,-1,1,1,-1,-1,1,1,1,1,-1,1,1,1,-1,-1,1,1,-1,-1,1,1,1,1,1,1,1,1,1,1,1,-1,1,1,1,1,-1,-1,1,-1,-1,-1,-1,-1,-1,-1,1,1,1,1,1,1,1,1,1,1,-1,-1,-1,1,1,1,1,1,1,-1,1,-1,-1,1,-1,1,1,-1,-1,-1,1,1,1,1,1,1,1,1,-1,-1,1,-1,1,1,-1,1,1,1,1,1,1,-1,1,1,-1,1,-1,1,-1,-1,-1,1,-1,1,1,1,1,1,1,-1,-1,1,-1,1,-1,-1,1,-1,-1,-1,1,1,1,1,-1,-1,-1,1,-1,-1,1,-1,1,-1,1,1,1,1,-1,1,1,-1,-1,1,-1,-1,1,1,-1,1,-1,1,1,-1,-1,-1,-1,-1,1,-1,-1,-1,1,-1,1,1,1,1,-1,1,-1,-1,-1,-1,-1,1,-1,1,1,-1,1,1,1,-1,-1,-1,1,1,1,1,-1,-1,1,-1,-1,-1,1,-1,-1,1,1,-1,1,-1,1,1,1,-1,1,1,-1,1,-1,-1,1,1,-1,1,-1,1,-1,-1,1,1,-1,1,1,1,-1,-1,1,-1,-1,-1,1,1,1,1,1,1,1,-1,-1,-1,1,1,1,1,1,-1,1,-1,1,-1,1,-1,-1,1,1,1,-1,-1,-1,1,-1,-1,-1,1,-1,1,-1,1,1,-1,-1,1,-1,1,-1,1,1,1,1,-1,1,1,-1,1,1,1,1,-1,-1,1,-1,1,1,-1,1,1,1,-1,-1,1,-1,-1,1,1,1,1,-1,-1,-1,-1,1,-1,1,1,1,1,1,-1,1,1,-1,1,-1,-1,1,-1,1,-1,1,-1,1,-1,-1,1,1,1,1,1,-1,-1,1,1,1,-1,-1,-1,1,1,1,1,-1,1,-1,-1,-1,1,1,1,-1,-1,1,-1,-1,1,1,1,1,-1,-1,1,1,-1,-1,-1,-1,-1,1,-1,-1,1,-1,1,-1,1,-1,-1,-1,-1,-1,1,-1,-1,1,1,1,-1,1,1,1,-1,1,1,1,1,-1,1,1,1,1,-1,1,-1,-1,1,1,1,-1,-1,1,-1,1,-1,1,1,1,-1,1,1,1,-1,-1,1,1,1,1,1,1,1,1,1,1,1,1,1,-1,1,-1,1,-1,1,-1,1,-1,1,-1,-1,-1,-1,1,1,-1,-1,-1,-1,1,1,-1,-1,-1,-1,-1,-1,1,1,1,-1,1,-1,1,-1,-1,1,1,1,-1,1,-1,1,-1,1,-1,-1,-1,1,1,1,1,-1,1,-1,1,1,-1,-1,1,1,1,1,-1,-1,1,-1,-1,-1,-1,-1,-1,1,1,1,1,1,1,-1,-1,1,-1,1,-1,1,1,-1,-1,-1,-1,1,1,-1,1,1,1,1,-1,1,-1,1,-1,-1,-1,-1,-1,1,1,-1,1,-1,-1,-1,-1,1,1,1,1,-1,1,-1,1,1,1,-1,1,-1,-1,-1,1,-1,-1,1,1,-1,-1,1,1,1,1,-1,1,1,1,-1,-1,1,1,-1,-1,1,1,1,1,1,1,1,1,1,1,1,-1,1,1,1,1,-1,1,1,1,-1,1,1,1,-1,-1,-1,1,-1,1,1,1,1,-1,1,-1,1,-1,1,1,1,1,-1,1,1,-1,1,1,1,-1,-1,1,-1,1,1,1,1,1,1,1,-1,-1,1,1,-1,1,-1,1,-1,1,1,-1,-1,1,1,-1,-1,-1,1,-1,1,1,1,-1,1,1,-1,-1,1,-1,1,-1,-1,-1,1,-1,1,1,1,1,-1,1,1,1,1,-1,1,-1,1,1,-1,1,-1,-1,-1,-1,-1,-1,1,-1,-1,1,1,1,1,1,1,1,1,1,1,1,1,1,1,1,1,-1,1,1,-1,1,1,-1,-1,-1,-1,-1,-1,-1,1,1,-1,-1,-1,1,1,-1,1,-1,1,-1,-1,1,1,1,1,-1,-1,-1,-1,-1,1,1,1,1,1,-1,1,1,1,1,1,1,1,-1,-1,1,1,-1,1,1,-1,-1,1,1,1,-1,1,1,1,1,-1,1,-1,1,1,-1,1,1,-1,-1,-1,-1,1,-1,1,1,1,-1,1,1,1,-1,1,1,1,-1,1,-1,1,-1,1,1,-1,-1,1,1,-1,1,1,1,1,-1,-1,1,1,-1,-1,1,-1,1,1,1,1,1,1,1,1,1,-1,-1,-1,1,-1,-1,1,-1,-1,-1,1,1,1,-1,1,1,-1,-1,1,-1,1,1,-1,1,-1,-1,1,-1,1,1,1,1,1,1,1,-1,-1,1,-1,-1,-1,-1,-1,-1,-1,1,1,1,1,1,1,1,1,1,1,-1,-1,-1,1,1,1,1,1,1,-1,1,-1,-1,1,-1,1,1,-1,-1,-1,1,1,1,1,1,1,1,1,-1,-1,1,-1,1,1,-1,1,1,1,1,1,1,-1,1,1,-1,1,-1,1,-1,-1,-1,1,-1,1,1,1,1,1,1,-1,-1,1,1,1,1,-1,-1,1,-1,-1,-1,1,-1,1,-1,-1,-1,1,1,1,-1,-1,-1,-1,-1,1,-1,1,1,1,1,1,-1,1,1,-1,-1,1,-1,1,1,1,1,1,1,-1,1,1,1,1,-1,1,1,-1,1,1,-1,-1,-1,-1,1,-1,1,1,-1,-1,1,-1,1,-1,-1,1,-1,1,1,1,-1,1,1,1,1,1,1,1,1,1,1,1,1,1,1,1,1,1,1,1,1,1,1,1,1,1,1,1,1,1,1,1,-1,-1,1,1,-1,1,1,1,-1,-1,-1,1,1,-1,1,1,-1,-1,-1,1,1,1,-1,-1,-1,-1,1,-1,1,1,1,1,-1,-1,-1,1,-1,1,-1,1,-1,1,-1,1,1,-1,1,1,-1,-1,1,-1,-1,-1,1,1,-1,-1,-1,-1,-1,-1,-1,-1,1,-1,1,-1,-1,-1,-1,-1,1,-1,1,-1,1,-1,-1,-1,-1,1,-1,1,1,-1,1,1,1,1,-1,-1,-1,-1,1,1,1,-1,-1,1,-1,1,1,1,-1,1,-1,1,-1,1,-1,-1,-1,-1,-1,-1,-1,-1,-1,1,1,1,-1,1,-1,1,-1,1,-1,1,-1,-1,1,-1,-1,1,1,1,1,1,-1,-1,-1,-1,-1,1,-1,-1,-1,-1,1,1,-1,1,-1,1,1,-1,1,1,-1,1,-1,1,1,1,1,-1,1,1,-1,-1,-1,-1,1,-1,-1,1,-1,-1,-1,1,1,1,1,-1,-1,-1,1,-1,-1,1,-1,1,-1,1,1,1,1,-1,1,1,-1,-1,1,-1,-1,1,1,-1,1,-1,1,1,-1,-1,-1,-1,-1,1,-1,-1,-1,1,-1,1,1,1,1,-1,1,-1,-1,-1,-1,-1,1,-1,1,1,-1,1,1,1,1,1,1,1,-1,1,1,1,1,1,1,1,1,-1,-1,1,-1,-1,-1,1,1,1,1,1,-1,-1,-1,-1,1,-1,-1,-1,1,1,-1,1,-1,-1,-1,1,1,1,1,-1,1,1,1,-1,-1,1,-1,1,-1,1,-1,-1,1,-1,-1,1,1,-1,-1,1,-1,-1,1,1,1,-1,1,1,-1,1,1,1,1,-1,-1,1,-1,1,-1,1,1,-1,1,-1,-1,1,1,1,-1,1,-1,-1,1,-1,1,1,1,-1,1,-1,1,1,1,-1,1,-1,1,1,-1,-1,1,1,-1,1,1,1,-1,1,-1,-1,-1,1,1,1,1,-1,1,-1,1,1,-1,-1,-1,1,-1,1,1,1,-1,1,-1,1,1,1,1,1,-1,-1,1,1,-1,1,1,1,1,1,1,-1,-1,1,-1,-1,1,1,1,-1,1,1,-1,-1,1,-1,-1,-1,1,-1,-1,-1,-1,1,1,1,-1,1,-1,-1,1,1,-1,-1,-1,-1,1,-1,1,1,1,1,1,1,-1,1,-1,1,1,-1,-1,1,-1,-1,1,1,-1,-1,1,1,-1,1,1,1,1,-1,-1,-1,1,1,-1,-1,-1,1,-1,-1,1,1,-1,-1,1,-1,-1,1,-1,-1,-1,1,1,1,-1,1,1,-1,-1,-1,1,1,1,1,-1,-1,1,-1,-1,-1,1,-1,-1,1,1,-1,1,-1,1,1,1,-1,1,1,-1,1,-1,-1,1,1,-1,1,-1,1,-1,-1,1,1,-1,1,1,1,-1,-1,1,-1,-1,-1,1,1,1,1,1,1,1,-1,-1,-1,1,1,1,1,1,-1,1,-1,1,-1,1,-1,-1,1,1,1,-1,-1,-1,1,-1,-1,-1,1,-1,1,-1,1,1,-1,-1,1,-1,1,-1,1,1,1,1,-1,1,1,-1,1,1,1,1,-1,-1,1,-1,1,1,-1,1,1,1,-1,-1,1,-1,-1,1,1,1,1,-1,-1,-1,-1,1,-1,1,1,1,1,1,-1,1,1,-1,1,-1,-1,1,-1,1,-1,1,-1,1,-1,-1,1,1,1,1,1,-1,-1,1,1,1,-1,-1,-1,1,1,1,1,-1,1,-1,-1,-1,1,1,1,-1,-1,1,-1,-1,1,1,1,1,-1,-1,1,1,-1,-1,-1,-1,-1,1,-1,-1,1,-1,1,-1,1,-1,-1,-1,-1,-1,1,-1,-1,1,1,1,-1,1,1,1,-1,1,1,1,1,-1,1,1,1,1,-1,1,-1,-1,1,1,1,-1,-1,1,-1,1,-1,1,1,1,-1,1,1,1,-1,-1,1,1,1,1,1,1,1,1,1,1,1,1,1,-1,1,-1,1,-1,1,-1,1,-1,1,-1,-1,-1,-1,1,1,-1,-1,-1,-1,1,1,-1,-1,-1,-1,-1,-1,1,1,1,-1,1,-1,1,-1,-1,1,1,1,-1,1,-1,1,-1,1,-1,-1,-1,1,1,1,1,-1,1,-1,1,1,-1,-1,1,1,1,1,-1,-1,1,-1,-1,-1,-1,-1,-1,1,1,1,1,1,1,-1,-1,1,-1,1,-1,1,1,-1,-1,-1,-1,1,1,-1,1,1,1,1,-1,1,-1,1,-1,-1,-1,-1,1,1,-1,1,-1,1,-1,1,-1,1,1,1,1,1,1,1,-1,-1,1,1,1,1,1,1,-1,1,-1,1,1,1,1,1,-1,-1,-1,1,-1,1,1,-1,1,-1,1,1,-1,1,-1,1,1,1,-1,1,1,1,-1,-1,1,1,-1,-1,-1,1,1,-1,-1,1,-1,1,-1,-1,-1,1,1,1,1,1,-1,1,-1,1,-1,-1,1,1,1,1,1,-1,-1,-1,-1,1,-1,1,1,1,-1,1,-1,-1,1,-1,-1,-1,-1,-1,-1,-1,1,1,1,1,1,-1,1,-1,1,1,-1,1,1,1,1,-1,1,-1,1,-1,1,1,1,-1,1,-1,-1,-1,-1,-1,-1,-1,-1,1,-1,-1,1,1,1,-1,1,1,-1,-1,1,1,-1,-1,1,-1,1,-1,-1,-1,1,1,1,-1,1,-1,-1,1,1,-1,-1,1,-1,1,1,1,1,1,1,-1,1,1,1,-1,1,1,-1,-1,1,1,1,1,1,1,-1,1,-1,-1,1,1,-1,-1,-1,1,-1,-1,1,1,-1,-1,1,-1,1,-1,1,-1,1,-1,-1,-1,-1,1,1,1,-1,1,1,-1,1,-1,-1,1,1,1,1,1,1,-1,1,-1,1,1,1,1,1,1,-1,-1,1,-1,-1,-1,-1,1,-1,1,1,1,1,1,-1,-1,1,1,1,1,1,1,1,-1,-1,-1,-1,1,-1,-1,-1,1,-1,-1,1,1,1,1,1,1,-1,-1,1,-1,1,-1,-1,1,1,-1,1,1,1,-1,-1,1,-1,1,-1,1,-1,1,1,1,-1,-1,-1,1,1,-1,1,-1,-1,1,1,-1,1,1,-1,1,1,-1,-1,-1,-1,-1,1,-1,-1,1,1,1,-1,1,-1,-1,-1,-1,-1,1,-1,-1,1,1,1,1,1,-1,1,-1,1,-1,1,-1,-1,-1,1,1,1,1,1,-1,1,1,1,1,1,-1,1,1,-1,1,1,-1,1,1,1,-1,1,1,-1,-1,1,-1,1,-1,-1,-1,-1,-1,1,-1,-1,1,-1,1,1,1,-1,-1,1,-1,-1,-1,1,1,-1,1,1,-1,1,1,1,1,-1,1,-1,1,1,1,1,-1,-1,1,1,1,1,1,1,1,1,1,1,1,1,1,1,-1,-1,1,-1,1,1,1,1,1,-1,1,1,1,-1,-1,-1,1,-1,-1,1,-1,1,1,-1,-1,-1,1,-1,-1,-1,1,-1,1,-1,1,-1,-1,1,1,1,-1,1,-1,-1,-1,1,1,1,1,-1,1,-1,1,1,1,-1,1,-1,-1,1,1,-1,-1,-1,-1,1,1,1,-1,-1,1,1,1,1,1,1,1,1,-1,1,1,1,-1,1,1,-1,-1,1,-1,-1,1,-1,1,-1,1,1,1,-1,1,1,-1,-1,-1,1,1,1,1,-1,1,1,1,1,1,1,1,1,-1,1,1,1,1,1,-1,1,1,1,-1,1,1,-1,1,1,1,1,1,-1,-1,1,1,-1,-1,-1,-1,-1,-1,1,-1,1,-1,-1,1,1,1,-1,1,-1,-1,1,-1,-1,-1,-1,1,1,1,-1,1,1,-1,-1,-1,1,-1,-1,1,1,-1,-1,-1,1,-1,1,1,1,1,-1,-1,-1,-1,1,1,-1,-1,-1,1,-1,-1,-1,1,-1,1,1,-1,1,1,1,-1,1,-1,1,1,1,1,-1,-1,1,1,1,1,-1,1,1,1,1,-1,-1,1,-1,1,1,1,-1,-1,1,1,1,-1,1,1,1,1,1,-1,-1,1,-1,1,-1,1,1,1,-1,-1,-1,-1,1,1,-1,1,1,1,-1,1,1,-1,1,-1,1,1,1,-1,-1,1,-1,1,-1,-1,-1,-1,-1,-1,-1,1,-1,1,1,1,1,-1,-1,-1,-1,-1,1,1,1,-1,1,1,-1,1,-1,-1,-1,1,1,-1,-1,1,1,-1,1,-1,1,1,1,1,-1,1,-1,1,1,-1,-1,-1,-1,1,-1,1,1,1,1,-1,-1,1,1,-1,1,-1,-1,-1,-1,1,-1,1,-1,-1,1,-1,-1,1,-1,-1,-1,-1,1,-1,1,1,1,-1,-1,1,-1,-1,1,-1,1,-1,-1,1,-1,-1,-1,-1,-1,1,-1,1,1,1,-1,1,1,1,-1,-1,1,1,1,-1,1,1,-1,-1,1,1,1,-1,1,1,1,-1,1,1,1,-1,1,1,-1,1,1,1,-1,1,1,-1,-1,-1,-1,1,-1,-1,-1,1,-1,-1,-1,-1,1,1,1,1,1,-1,-1,1,1,-1,1,1,1,1,-1,-1,-1,1,1,1,1,-1,1,-1,-1,-1,-1,-1,1,1,1,-1,1,-1,-1,1,1,1,1,-1,1,1,1,-1,1,1,1,1,1,1,1,-1,-1,-1,1,-1,1,1,-1,1,-1,-1,1,-1,-1,1,-1,1,1,-1,-1,1,1,-1,1,-1,-1,-1,-1,1,1,1,1,-1,1,-1,1,1,1,-1,1,-1,-1,1,1,1,1,1,1,1,1,1,1,1,1,1,1,1,1,1,1,1,1,1,1,1,1,1,1,1,1,-1,-1,1,1,1,1,1,1,1,1,1,1,-1,-1,-1,1,1,1,1,1,1,-1,1,-1,-1,1,-1,1,1,-1,-1,-1,1,1,1,1,1,1,1,1,-1,-1,1,-1,1,1,-1,1,1,1,1,1,1,-1,1,1,-1,1,-1,1,-1,-1,-1,1,-1,1,1,1,1,1,1,-1,-1,1,-1,1,-1,-1,1,-1,-1,-1,1,1,1,1,-1,-1,-1,1,-1,-1,1,-1,1,-1,1,1,1,1,-1,1,1,-1,-1,1,-1,-1,1,1,-1,1,-1,1,1,-1,-1,-1,-1,-1,1,-1,-1,-1,1,-1,1,1,1,1,-1,1,-1,-1,-1,-1,-1,1,-1,1,1,-1,1,1,1,-1,-1,-1,1,1,1,-1,1,1,-1,1,-1,-1,1,1,-1,1,-1,1,-1,-1,1,1,-1,1,1,1,-1,-1,1,-1,-1,-1,1,1,1,1,1,1,1,-1,-1,-1,1,1,1,1,1,-1,1,-1,1,-1,1,-1,-1,1,1,1,-1,-1,-1,1,-1,-1,-1,1,-1,1,-1,1,1,-1,-1,1,-1,1,-1,1,1,1,1,-1,1,1,-1,1,1,1,1,-1,-1,1,-1,1,1,-1,1,1,1,-1,-1,1,-1,-1,1,1,1,1,-1,-1,-1,-1,1,-1,1,1,1,1,1,-1,1,1,-1,1,-1,-1,1,-1,1,-1,1,-1,1,-1,-1,1,1,1,1,1,-1,-1,1,1,1,-1,-1,-1,1,1,1,1,-1,1,-1,-1,-1,1,1,1,-1,-1,1,-1,-1,1,1,1,1,-1,-1,1,1,-1,-1,-1,-1,-1,1,-1,-1,1,-1,1,-1,1,-1,-1,-1,-1,-1,1,-1,-1,1,1,1,-1,1,1,1,-1,1,1,1,1,-1,1,1,1,1,-1,1,-1,-1,1,1,1,-1,-1,1,-1,1,-1,1,1,1,-1,1,1,1,-1,-1,1,1,1,1,1,1,1,1,1,1,1,1,1,-1,1,-1,1,-1,1,-1,1,-1,1,-1,-1,-1,-1,1,1,-1,-1,-1,-1,1,1,-1,-1,-1,-1,-1,-1,1,1,1,-1,1,-1,1,-1,-1,1,1,1,-1,1,-1,1,-1,1,-1,-1,-1,1,1,1,1,-1,1,-1,1,1,-1,-1,1,1,1,1,-1,-1,1,-1,-1,-1,-1,-1,-1,1,1,1,1,1,1,-1,-1,1,-1,1,-1,1,1,-1,-1,-1,-1,1,1,-1,1,1,1,-1,1,-1,1,-1,-1,-1,-1
