label_index,label,feature_type,sample#1,sample#2,sample#3,sample#4,sample#5,sample#6,sample#7,sample#8,sample#9,sample#10,sample#11,sample#12,sample#13,sample#14,sample#15,sample#16,sample#17,sample#18,sample#19,sample#20,sample#21,sample#22,sample#23,sample#24,sample#25,sample#26,sample#27,sample#28,sample#29,sample#30,sample#31,sample#32,sample#33,sample#34,sample#35,sample#36,sample#37,sample#38,sample#39,sample#40,sample#41,sample#42,sample#43,sample#44,sample#45,sample#46,sample#47,sample#48,sample#49,sample#50,sample#51,sample#52,sample#53,sample#54,sample#55,sample#56,sample#57,sample#58,sample#59,sample#60,sample#61,sample#62,sample#63,sample#64,sample#65,sample#66,sample#67,sample#68,sample#69,sample#70,sample#71,sample#72,sample#73,sample#74,sample#75,sample#76,sample#77,sample#78,sample#79,sample#80,sample#81,sample#82,sample#83,sample#84,sample#85,sample#86,sample#87,sample#88,sample#89,sample#90,sample#91,sample#92,sample#93,sample#94,sample#95,sample#96,sample#97,sample#98,sample#99,sample#100,sample#101,sample#102,sample#103,sample#104,sample#105,sample#106,sample#107,sample#108,sample#109,sample#110,sample#111,sample#112,sample#113,sample#114,sample#115,sample#116,sample#117,sample#118,sample#119,sample#120,sample#121,sample#122,sample#123,sample#124,sample#125,sample#126,sample#127,sample#128,sample#129,sample#130,sample#131,sample#132,sample#133,sample#134,sample#135,sample#136,sample#137,sample#138,sample#139,sample#140,sample#141,sample#142,sample#143,sample#144,sample#145,sample#146,sample#147,sample#148,sample#149,sample#150,sample#151,sample#152,sample#153,sample#154,sample#155,sample#156,sample#157,sample#158,sample#159,sample#160,sample#161,sample#162,sample#163,sample#164,sample#165,sample#166,sample#167,sample#168,sample#169,sample#170,sample#171,sample#172,sample#173,sample#174,sample#175,sample#176,sample#177,sample#178,sample#179,sample#180,sample#181,sample#182,sample#183,sample#184,sample#185,sample#186,sample#187,sample#188,sample#189,sample#190,sample#191,sample#192,sample#193,sample#194,sample#195,sample#196,sample#197,sample#198,sample#199,sample#200,sample#201,sample#202,sample#203,sample#204,sample#205,sample#206,sample#207,sample#208,sample#209,sample#210,sample#211,sample#212,sample#213,sample#214,sample#215,sample#216,sample#217,sample#218,sample#219,sample#220,sample#221,sample#222,sample#223,sample#224,sample#225,sample#226,sample#227,sample#228,sample#229,sample#230,sample#231,sample#232,sample#233,sample#234,sample#235,sample#236,sample#237,sample#238,sample#239,sample#240,sample#241,sample#242,sample#243,sample#244,sample#245,sample#246,sample#247,sample#248,sample#249,sample#250,sample#251,sample#252,sample#253,sample#254,sample#255,sample#256,sample#257,sample#258,sample#259,sample#260,sample#261,sample#262,sample#263,sample#264,sample#265,sample#266,sample#267,sample#268,sample#269,sample#270,sample#271,sample#272,sample#273,sample#274,sample#275,sample#276,sample#277,sample#278,sample#279,sample#280,sample#281,sample#282,sample#283,sample#284,sample#285,sample#286,sample#287,sample#288,sample#289,sample#290,sample#291,sample#292,sample#293,sample#294,sample#295,sample#296,sample#297,sample#298,sample#299,sample#300,sample#301,sample#302,sample#303,sample#304,sample#305,sample#306,sample#307,sample#308,sample#309,sample#310,sample#311,sample#312,sample#313,sample#314,sample#315,sample#316,sample#317,sample#318,sample#319,sample#320,sample#321,sample#322,sample#323,sample#324,sample#325,sample#326,sample#327,sample#328,sample#329,sample#330,sample#331,sample#332,sample#333,sample#334,sample#335,sample#336,sample#337,sample#338,sample#339,sample#340,sample#341,sample#342,sample#343,sample#344,sample#345,sample#346,sample#347,sample#348,sample#349,sample#350,sample#351,sample#352,sample#353,sample#354,sample#355,sample#356,sample#357,sample#358,sample#359,sample#360,sample#361,sample#362,sample#363,sample#364,sample#365,sample#366,sample#367,sample#368,sample#369,sample#370,sample#371,sample#372,sample#373,sample#374,sample#375,sample#376,sample#377,sample#378,sample#379,sample#380,sample#381,sample#382,sample#383,sample#384,sample#385,sample#386,sample#387,sample#388,sample#389,sample#390,sample#391,sample#392,sample#393,sample#394,sample#395,sample#396,sample#397,sample#398,sample#399,sample#400,sample#401,sample#402,sample#403,sample#404,sample#405,sample#406,sample#407,sample#408,sample#409,sample#410,sample#411,sample#412,sample#413,sample#414,sample#415,sample#416,sample#417,sample#418,sample#419,sample#420,sample#421,sample#422,sample#423,sample#424,sample#425,sample#426,sample#427,sample#428,sample#429,sample#430,sample#431,sample#432,sample#433,sample#434,sample#435,sample#436,sample#437,sample#438,sample#439,sample#440,sample#441,sample#442,sample#443,sample#444,sample#445,sample#446,sample#447,sample#448,sample#449,sample#450,sample#451,sample#452,sample#453,sample#454,sample#455,sample#456,sample#457,sample#458,sample#459,sample#460,sample#461,sample#462,sample#463,sample#464,sample#465,sample#466,sample#467,sample#468,sample#469,sample#470,sample#471,sample#472,sample#473,sample#474,sample#475,sample#476,sample#477,sample#478,sample#479,sample#480,sample#481,sample#482,sample#483,sample#484,sample#485,sample#486,sample#487,sample#488,sample#489,sample#490,sample#491,sample#492,sample#493,sample#494,sample#495,sample#496,sample#497,sample#498,sample#499,sample#500,sample#501,sample#502,sample#503,sample#504,sample#505,sample#506,sample#507,sample#508,sample#509,sample#510,sample#511,sample#512,sample#513,sample#514,sample#515,sample#516,sample#517,sample#518,sample#519,sample#520,sample#521,sample#522,sample#523,sample#524,sample#525,sample#526,sample#527,sample#528,sample#529,sample#530,sample#531,sample#532,sample#533,sample#534,sample#535,sample#536,sample#537,sample#538,sample#539,sample#540,sample#541,sample#542,sample#543,sample#544,sample#545,sample#546,sample#547,sample#548,sample#549,sample#550,sample#551,sample#552,sample#553,sample#554,sample#555,sample#556,sample#557,sample#558,sample#559,sample#560,sample#561,sample#562,sample#563,sample#564,sample#565,sample#566,sample#567,sample#568,sample#569,sample#570,sample#571,sample#572,sample#573,sample#574,sample#575,sample#576,sample#577,sample#578,sample#579,sample#580,sample#581,sample#582,sample#583,sample#584,sample#585,sample#586,sample#587,sample#588,sample#589,sample#590,sample#591,sample#592,sample#593,sample#594,sample#595,sample#596,sample#597,sample#598,sample#599,sample#600,sample#601,sample#602,sample#603,sample#604,sample#605,sample#606,sample#607,sample#608,sample#609,sample#610,sample#611,sample#612,sample#613,sample#614,sample#615,sample#616,sample#617,sample#618,sample#619,sample#620,sample#621,sample#622,sample#623,sample#624,sample#625,sample#626,sample#627,sample#628,sample#629,sample#630,sample#631,sample#632,sample#633,sample#634,sample#635,sample#636,sample#637,sample#638,sample#639,sample#640,sample#641,sample#642,sample#643,sample#644,sample#645,sample#646,sample#647,sample#648,sample#649,sample#650,sample#651,sample#652,sample#653,sample#654,sample#655,sample#656,sample#657,sample#658,sample#659,sample#660,sample#661,sample#662,sample#663,sample#664,sample#665,sample#666,sample#667,sample#668,sample#669,sample#670,sample#671,sample#672,sample#673,sample#674,sample#675,sample#676,sample#677,sample#678,sample#679,sample#680,sample#681,sample#682,sample#683,sample#684,sample#685,sample#686,sample#687,sample#688,sample#689,sample#690,sample#691,sample#692,sample#693,sample#694,sample#695,sample#696,sample#697,sample#698,sample#699,sample#700,sample#701,sample#702,sample#703,sample#704,sample#705,sample#706,sample#707,sample#708,sample#709,sample#710,sample#711,sample#712,sample#713,sample#714,sample#715,sample#716,sample#717,sample#718,sample#719,sample#720,sample#721,sample#722,sample#723,sample#724,sample#725,sample#726,sample#727,sample#728,sample#729,sample#730,sample#731,sample#732,sample#733,sample#734,sample#735,sample#736,sample#737,sample#738,sample#739,sample#740,sample#741,sample#742,sample#743,sample#744,sample#745,sample#746,sample#747,sample#748,sample#749,sample#750,sample#751,sample#752,sample#753,sample#754,sample#755,sample#756,sample#757,sample#758,sample#759,sample#760,sample#761,sample#762,sample#763,sample#764,sample#765,sample#766,sample#767,sample#768,sample#769,sample#770,sample#771,sample#772,sample#773,sample#774,sample#775,sample#776,sample#777,sample#778,sample#779,sample#780,sample#781,sample#782,sample#783,sample#784,sample#785,sample#786,sample#787,sample#788,sample#789,sample#790,sample#791,sample#792,sample#793,sample#794,sample#795,sample#796,sample#797,sample#798,sample#799,sample#800,sample#801,sample#802,sample#803,sample#804,sample#805,sample#806,sample#807,sample#808,sample#809,sample#810,sample#811,sample#812,sample#813,sample#814,sample#815,sample#816,sample#817,sample#818,sample#819,sample#820,sample#821,sample#822,sample#823,sample#824,sample#825,sample#826,sample#827,sample#828,sample#829,sample#830,sample#831,sample#832,sample#833,sample#834,sample#835,sample#836,sample#837,sample#838,sample#839,sample#840,sample#841,sample#842,sample#843,sample#844,sample#845,sample#846,sample#847,sample#848,sample#849,sample#850,sample#851,sample#852,sample#853,sample#854,sample#855,sample#856,sample#857,sample#858,sample#859,sample#860,sample#861,sample#862,sample#863,sample#864,sample#865,sample#866,sample#867,sample#868,sample#869,sample#870,sample#871,sample#872,sample#873,sample#874,sample#875,sample#876,sample#877,sample#878,sample#879,sample#880,sample#881,sample#882,sample#883,sample#884,sample#885,sample#886,sample#887,sample#888,sample#889,sample#890,sample#891,sample#892,sample#893,sample#894,sample#895,sample#896,sample#897,sample#898,sample#899,sample#900,sample#901,sample#902,sample#903,sample#904,sample#905,sample#906,sample#907,sample#908,sample#909,sample#910,sample#911,sample#912,sample#913,sample#914,sample#915,sample#916,sample#917,sample#918,sample#919,sample#920,sample#921,sample#922,sample#923,sample#924,sample#925,sample#926,sample#927,sample#928,sample#929,sample#930,sample#931,sample#932,sample#933,sample#934,sample#935,sample#936,sample#937,sample#938,sample#939,sample#940,sample#941,sample#942,sample#943,sample#944,sample#945,sample#946,sample#947,sample#948,sample#949,sample#950,sample#951,sample#952,sample#953,sample#954,sample#955,sample#956,sample#957,sample#958,sample#959,sample#960,sample#961,sample#962,sample#963,sample#964,sample#965,sample#966,sample#967,sample#968,sample#969,sample#970,sample#971,sample#972,sample#973,sample#974,sample#975,sample#976,sample#977,sample#978,sample#979,sample#980,sample#981,sample#982,sample#983,sample#984,sample#985,sample#986,sample#987,sample#988,sample#989,sample#990,sample#991,sample#992,sample#993,sample#994,sample#995,sample#996,sample#997,sample#998,sample#999,sample#1000,sample#1001,sample#1002,sample#1003,sample#1004,sample#1005,sample#1006,sample#1007,sample#1008,sample#1009,sample#1010,sample#1011,sample#1012,sample#1013,sample#1014,sample#1015,sample#1016,sample#1017,sample#1018,sample#1019,sample#1020,sample#1021,sample#1022,sample#1023,sample#1024,sample#1025,sample#1026,sample#1027,sample#1028,sample#1029,sample#1030,sample#1031,sample#1032,sample#1033,sample#1034,sample#1035,sample#1036,sample#1037,sample#1038,sample#1039,sample#1040,sample#1041,sample#1042,sample#1043,sample#1044,sample#1045,sample#1046,sample#1047,sample#1048,sample#1049,sample#1050,sample#1051,sample#1052,sample#1053,sample#1054,sample#1055,sample#1056,sample#1057,sample#1058,sample#1059,sample#1060,sample#1061,sample#1062,sample#1063,sample#1064,sample#1065,sample#1066,sample#1067,sample#1068,sample#1069,sample#1070,sample#1071,sample#1072,sample#1073,sample#1074,sample#1075,sample#1076,sample#1077,sample#1078,sample#1079,sample#1080,sample#1081,sample#1082,sample#1083,sample#1084,sample#1085,sample#1086,sample#1087,sample#1088,sample#1089,sample#1090,sample#1091,sample#1092,sample#1093,sample#1094,sample#1095,sample#1096,sample#1097,sample#1098,sample#1099,sample#1100,sample#1101,sample#1102,sample#1103,sample#1104,sample#1105,sample#1106,sample#1107,sample#1108,sample#1109,sample#1110,sample#1111,sample#1112,sample#1113,sample#1114,sample#1115,sample#1116,sample#1117,sample#1118,sample#1119,sample#1120,sample#1121,sample#1122,sample#1123,sample#1124,sample#1125,sample#1126,sample#1127,sample#1128,sample#1129,sample#1130,sample#1131,sample#1132,sample#1133,sample#1134,sample#1135,sample#1136,sample#1137,sample#1138,sample#1139,sample#1140,sample#1141,sample#1142,sample#1143,sample#1144,sample#1145,sample#1146,sample#1147,sample#1148,sample#1149,sample#1150,sample#1151,sample#1152,sample#1153,sample#1154,sample#1155,sample#1156,sample#1157,sample#1158,sample#1159,sample#1160,sample#1161,sample#1162,sample#1163,sample#1164,sample#1165,sample#1166,sample#1167,sample#1168,sample#1169,sample#1170,sample#1171,sample#1172,sample#1173,sample#1174,sample#1175,sample#1176,sample#1177,sample#1178,sample#1179,sample#1180,sample#1181,sample#1182,sample#1183,sample#1184,sample#1185,sample#1186,sample#1187,sample#1188,sample#1189,sample#1190,sample#1191,sample#1192,sample#1193,sample#1194,sample#1195,sample#1196,sample#1197,sample#1198,sample#1199,sample#1200,sample#1201,sample#1202,sample#1203,sample#1204,sample#1205,sample#1206,sample#1207,sample#1208,sample#1209,sample#1210,sample#1211,sample#1212,sample#1213,sample#1214,sample#1215,sample#1216,sample#1217,sample#1218,sample#1219,sample#1220,sample#1221,sample#1222,sample#1223,sample#1224,sample#1225,sample#1226,sample#1227,sample#1228,sample#1229,sample#1230,sample#1231,sample#1232,sample#1233,sample#1234,sample#1235,sample#1236,sample#1237,sample#1238,sample#1239,sample#1240,sample#1241,sample#1242,sample#1243,sample#1244,sample#1245,sample#1246,sample#1247,sample#1248,sample#1249,sample#1250,sample#1251,sample#1252,sample#1253,sample#1254,sample#1255,sample#1256,sample#1257,sample#1258,sample#1259,sample#1260,sample#1261,sample#1262,sample#1263,sample#1264,sample#1265,sample#1266,sample#1267,sample#1268,sample#1269,sample#1270,sample#1271,sample#1272,sample#1273,sample#1274,sample#1275,sample#1276,sample#1277,sample#1278,sample#1279,sample#1280,sample#1281,sample#1282,sample#1283,sample#1284,sample#1285,sample#1286,sample#1287,sample#1288,sample#1289,sample#1290,sample#1291,sample#1292,sample#1293,sample#1294,sample#1295,sample#1296,sample#1297,sample#1298,sample#1299,sample#1300,sample#1301,sample#1302,sample#1303,sample#1304,sample#1305,sample#1306,sample#1307,sample#1308,sample#1309,sample#1310,sample#1311,sample#1312,sample#1313,sample#1314,sample#1315,sample#1316,sample#1317,sample#1318,sample#1319,sample#1320,sample#1321,sample#1322,sample#1323,sample#1324,sample#1325,sample#1326,sample#1327,sample#1328,sample#1329,sample#1330,sample#1331,sample#1332,sample#1333,sample#1334,sample#1335,sample#1336,sample#1337,sample#1338,sample#1339,sample#1340,sample#1341,sample#1342,sample#1343,sample#1344,sample#1345,sample#1346,sample#1347,sample#1348,sample#1349,sample#1350,sample#1351,sample#1352,sample#1353,sample#1354,sample#1355,sample#1356,sample#1357,sample#1358,sample#1359,sample#1360,sample#1361,sample#1362,sample#1363,sample#1364,sample#1365,sample#1366,sample#1367,sample#1368,sample#1369,sample#1370,sample#1371,sample#1372,sample#1373,sample#1374,sample#1375,sample#1376,sample#1377,sample#1378,sample#1379,sample#1380,sample#1381,sample#1382,sample#1383,sample#1384,sample#1385,sample#1386,sample#1387,sample#1388,sample#1389,sample#1390,sample#1391,sample#1392,sample#1393,sample#1394,sample#1395,sample#1396,sample#1397,sample#1398,sample#1399,sample#1400,sample#1401,sample#1402,sample#1403,sample#1404,sample#1405,sample#1406,sample#1407,sample#1408,sample#1409,sample#1410,sample#1411,sample#1412,sample#1413,sample#1414,sample#1415,sample#1416,sample#1417,sample#1418,sample#1419,sample#1420,sample#1421,sample#1422,sample#1423,sample#1424,sample#1425,sample#1426,sample#1427,sample#1428,sample#1429,sample#1430,sample#1431,sample#1432,sample#1433,sample#1434,sample#1435,sample#1436,sample#1437,sample#1438,sample#1439,sample#1440,sample#1441,sample#1442,sample#1443,sample#1444,sample#1445,sample#1446,sample#1447,sample#1448,sample#1449,sample#1450,sample#1451,sample#1452,sample#1453,sample#1454,sample#1455,sample#1456,sample#1457,sample#1458,sample#1459,sample#1460,sample#1461,sample#1462,sample#1463,sample#1464,sample#1465,sample#1466,sample#1467,sample#1468,sample#1469,sample#1470,sample#1471,sample#1472,sample#1473,sample#1474,sample#1475,sample#1476,sample#1477,sample#1478,sample#1479,sample#1480,sample#1481,sample#1482,sample#1483,sample#1484,sample#1485,sample#1486,sample#1487,sample#1488,sample#1489,sample#1490,sample#1491,sample#1492,sample#1493,sample#1494,sample#1495,sample#1496,sample#1497,sample#1498,sample#1499,sample#1500,sample#1501,sample#1502,sample#1503
0,scaled-sound-pressure,1,126.201,125.201,125.951,127.591,127.461,125.571,125.201,123.061,121.301,119.541,117.151,115.391,112.241,108.721,126.416,127.696,128.086,126.966,126.086,126.986,126.616,124.106,123.236,121.106,119.606,117.976,116.476,113.076,111.076,118.129,119.319,122.779,124.809,126.959,128.629,129.099,127.899,125.499,124.049,123.689,121.399,120.319,119.229,117.789,116.229,114.779,112.139,109.619,117.195,118.595,122.765,125.045,127.315,129.095,129.235,127.365,124.355,122.365,122.375,120.755,119.135,118.145,115.645,113.775,110.515,108.265,127.122,125.992,125.872,126.632,126.642,124.512,123.392,121.762,119.632,118.122,115.372,113.492,109.222,106.582,121.851,124.001,126.661,128.311,128.831,127.581,125.211,122.211,122.101,120.981,119.111,117.741,116.241,114.751,112.251,108.991,106.111,127.564,128.454,129.354,129.494,129.004,127.634,126.514,125.524,124.024,121.514,120.264,118.134,116.134,114.634,110.224,126.159,128.179,129.569,129.949,129.329,127.329,124.439,123.069,122.439,120.189,118.689,117.309,115.679,113.799,112.169,123.312,125.472,127.632,129.292,129.552,128.312,125.802,122.782,120.532,120.162,118.922,116.792,115.792,114.042,110.652,123.118,125.398,127.548,128.698,128.708,126.838,124.838,122.088,120.088,119.598,118.108,115.608,113.858,109.718,126.395,128.175,129.575,130.715,131.615,131.755,131.015,129.395,126.645,124.395,123.775,121.775,119.535,117.785,116.165,113.665,110.905,107.405,123.543,126.843,128.633,130.173,131.073,130.723,128.723,126.343,123.213,120.963,120.233,118.743,115.863,113.733,128.144,129.134,128.244,128.354,127.834,125.824,124.304,122.044,118.024,118.134,117.624,114.984,114.474,119.54,121.66,123.78,126.16,127.53,128.29,127.91,126.79,126.54,126.54,125.16,123.41,122.41,118.41,121.055,123.565,126.195,128.705,130.205,130.435,129.395,127.095,125.305,125.025,124.625,123.465,122.175,117.465,120.595,123.635,126.675,129.465,130.725,130.595,128.805,125.625,123.455,123.445,123.445,122.035,120.505,116.815,125.116,126.486,127.356,128.216,128.956,128.816,127.796,126.896,127.006,126.116,124.086,122.816,120.786,115.996,113.086,122.292,124.692,126.842,128.492,129.002,128.762,126.752,124.612,123.862,123.742,122.232,120.472,118.712,120.137,122.147,125.157,127.417,129.037,129.147,128.257,125.837,122.797,121.397,121.627,120.227,118.827,116.417,120.147,123.417,126.677,129.057,130.307,130.307,128.677,125.797,123.037,121.407,121.527,120.527,118.267,115.137,126.758,129.038,130.688,131.708,131.718,129.468,126.218,124.338,124.108,121.728,121.118,118.618,112.848,113.108,114.258,112.768,109.638,123.274,127.314,129.964,131.864,132.134,131.264,128.264,124.254,122.384,122.394,120.654,120.034,117.154,112.524,122.229,123.879,127.039,129.579,130.469,129.969,128.339,125.319,121.659,119.649,120.419,119.159,117.649,114.249,113.129,120.189,123.609,126.149,128.939,130.349,130.869,129.869,128.119,125.229,122.089,120.209,120.229,118.859,115.969,112.699,127.7,129.88,131.8,133.48,134.0,133.38,130.46,125.89,123.74,123.12,120.33,118.05,116.92,114.9,111.35,127.011,129.691,131.221,132.251,132.011,129.491,125.581,125.721,123.081,117.911,116.151,118.441,115.801,115.311,112.541,138.758,139.918,139.808,139.438,136.798,133.768,130.748,126.838,127.358,125.728,122.708,122.088,120.458,119.208,115.298,115.818,135.234,136.384,136.284,135.924,133.174,130.934,128.444,125.194,125.724,123.354,120.354,118.994,117.134,117.284,113.144,111.534,130.989,131.889,132.149,132.039,130.299,128.929,126.299,122.539,123.189,121.059,117.809,116.559,114.309,114.079,111.959,110.839,128.679,130.089,130.239,130.269,128.169,126.189,123.209,119.099,120.509,119.039,115.309,114.709,113.229,112.639,111.029,110.689,125.817,127.307,128.927,129.667,128.647,128.127,129.377,128.857,126.457,125.427,122.527,120.247,117.087,113.297,120.573,123.583,126.713,128.583,129.953,130.183,129.673,127.763,127.753,127.233,125.203,123.303,121.903,119.253,117.093,112.803,119.513,124.403,127.903,130.033,131.023,131.013,129.633,126.863,125.603,125.343,123.453,121.313,120.553,115.413,121.617,125.997,129.117,130.987,131.467,130.817,128.907,125.867,124.207,123.807,122.397,119.737,117.957,127.404,127.394,128.774,130.144,130.644,130.114,128.334,127.054,126.534,124.364,121.944,120.534,116.724,113.034,110.364,121.009,125.809,128.829,130.589,130.829,130.049,128.139,125.589,122.919,121.889,121.499,119.209,116.659,112.589,108.649,124.121,126.291,128.971,131.281,133.201,134.111,133.241,131.111,127.591,123.311,121.431,120.061,116.411,126.807,129.367,131.807,133.097,132.127,130.777,130.567,128.707,124.077,121.587,119.737,118.757,117.287,114.927,125.347,127.637,129.937,132.357,132.757,130.507,127.117,126.267,124.647,120.497,119.137,117.137,117.037,116.677,125.741,127.781,129.681,131.471,131.491,128.241,123.991,123.761,122.771,119.151,118.291,116.181,115.691,115.591,128.713,130.123,132.043,134.853,136.023,134.273,132.513,130.893,128.643,124.353,116.783,119.343,118.343,116.603,113.333,110.313,127.488,130.558,132.118,132.658,133.198,132.358,128.338,122.428,120.058,120.228,117.478,111.818,114.258,113.288,112.688,111.588,110.868,134.319,135.329,135.459,135.079,131.279,129.889,128.879,126.349,122.679,121.789,120.779,119.639,116.849,115.079,114.569,112.039,131.955,133.235,132.355,131.605,127.815,127.315,126.565,124.665,121.635,119.875,119.505,118.365,115.085,112.945,112.065,110.555,127.315,128.335,128.595,128.345,126.835,126.465,126.345,123.835,120.555,118.545,117.925,116.295,113.525,112.265,111.135,109.885,127.299,128.559,128.809,128.939,127.179,126.049,125.539,122.149,118.619,117.119,116.859,114.729,112.209,111.459,109.949,108.689,128.354,129.744,128.484,127.094,121.664,123.304,123.054,122.044,120.154,120.534,117.504,115.234,113.334,108.034,108.034,107.284,114.75,115.89,116.02,115.91,114.9,116.55,116.56,114.67,112.16,110.78,109.52,106.88,106.26,104.5,104.13,103.38,130.96,129.45,128.56,129.68,131.06,131.31,135.07,134.43,134.43,133.04,130.89,128.74,125.22,124.336,125.586,127.076,128.576,131.456,133.956,134.826,134.946,134.556,132.796,130.156,127.636,125.376,126.508,127.638,129.148,130.908,132.918,134.938,135.938,135.308,134.308,131.918,128.518,125.998,123.988,122.79,126.78,129.27,131.01,133.01,134.87,135.49,134.11,133.23,130.34,126.59,122.45,119.07,124.318,129.848,131.978,133.728,133.598,132.828,129.308,125.268,121.238,117.328,125.647,128.427,130.197,132.587,133.847,133.587,131.807,129.777,125.717,120.397,116.967,127.556,129.946,132.086,133.846,134.476,134.226,131.966,126.926,121.146,121.582,123.742,126.152,128.562,130.722,132.252,133.032,133.042,131.542,128.402,122.612,115.812,120.015,122.905,126.045,128.435,130.195,131.205,130.965,129.965,127.465,123.965,118.955,120.076,122.966,125.856,128.246,129.516,130.156,129.296,127.686,125.576,122.086,118.106,125.941,127.101,128.381,129.281,130.311,133.611,136.031,136.941,136.191,135.191,133.311,130.541,127.141,122.471,125.01,126.43,128.99,130.67,131.96,133.13,133.79,132.43,130.05,126.54,124.42,122.17,119.67,115.52,123.595,124.835,126.195,126.805,127.285,129.645,131.515,131.865,130.845,130.065,129.285,127.625,125.715,122.675,119.135,115.215,112.675,122.94,124.17,125.39,126.5,127.22,129.33,130.43,130.4,130.0,128.2,127.04,125.63,123.46,120.92,117.11,112.93,121.783,122.893,124.493,125.353,125.963,127.443,128.423,127.893,126.743,124.843,123.443,122.413,120.513,118.113,114.453,109.663,119.975,121.225,122.845,123.705,123.695,124.685,125.555,124.525,123.255,121.485,120.835,119.945,118.045,115.635,112.355,108.185,118.005,119.115,121.235,123.865,126.995,128.365,124.555,121.885,121.485,120.575,120.055,118.385,116.225,113.045,125.974,127.224,129.864,130.614,128.444,120.324,119.174,118.904,118.634,117.604,117.724,116.184,113.004,108.684,133.707,137.007,138.557,136.837,134.987,129.867,130.787,133.207,130.477,123.217,127.623,130.073,130.503,133.223,135.803,136.103,136.163,134.563,131.453,125.683,121.933,124.156,130.026,131.836,133.276,135.346,136.536,136.826,135.866,133.376,129.116,124.986,125.127,127.947,129.267,130.697,132.897,135.227,137.047,138.607,138.537,137.207,134.227,128.977,125.627,128.398,130.828,133.378,134.928,135.468,134.498,131.518,127.398,127.688,124.208,119.708,121.474,125.054,129.144,132.354,133.924,135.484,135.164,132.184,126.944,125.094,124.394,121.284,116.366,118.696,120.766,122.956,125.026,125.966,128.916,131.236,133.436,134.996,135.426,134.336,131.346,126.066,116.128,120.078,122.648,125.348,127.408,128.718,130.148,132.588,134.268,135.328,135.248,132.898,127.008,125.726,127.206,129.556,131.656,133.756,134.976,135.956,136.166,134.236,131.186,127.246,120.952,123.082,125.452,128.082,130.332,132.202,133.062,134.052,134.152,133.252,131.582,128.412,124.222,116.074,116.924,119.294,121.154,123.894,126.514,129.014,130.374,130.964,131.184,131.274,131.234,129.934,127.864,125.044,120.324,119.146,120.136,122.766,124.756,126.886,129.006,130.746,131.346,131.446,131.036,130.496,130.086,128.536,126.736,124.426,120.726,119.698,122.938,125.048,126.898,128.878,130.348,131.698,133.048,134.528,134.228,134.058,133.758,131.808,128.978,125.398,120.538,114.418,121.547,123.537,125.527,127.127,128.867,130.217,130.947,130.777,129.977,129.567,129.027,127.847,126.537,125.107,123.177,120.607,116.017,112.506,113.796,115.846,117.396,119.806,122.606,124.276,125.816,126.356,126.406,126.826,126.746,126.536,125.586,123.126,119.916,115.466,109.951,110.491,111.911,115.461,119.621,122.411,123.091,126.001,129.301,126.471,125.261,124.931,124.101,121.771,118.941,114.861,114.044,114.714,115.144,115.444,117.514,124.514,135.324,138.274,131.364,127.614,126.644,124.154,123.564,122.724,119.854,116.146,116.956,118.416,120.766,127.676,136.886,139.226,131.796,128.306,126.846,124.356,124.166,123.466,121.996,117.996,115.857,117.927,117.967,120.657,123.227,134.247,140.987,131.817,127.197,126.097,124.127,123.917,125.727,123.127,121.657,116.066,117.386,120.716,123.416,129.776,137.026,137.076,128.416,126.446,122.216,121.256,121.306,120.856,119.646,118.816,124.155,126.805,128.825,130.335,131.725,132.095,132.595,131.955,130.935,130.795,129.395,125.465,123.305,119.375,126.17,127.92,129.8,131.43,132.05,132.54,133.04,131.78,129.5,128.36,127.73,124.45,121.93,119.91,125.401,128.401,130.781,132.271,133.261,133.251,132.611,130.961,127.801,126.021,125.631,122.341,119.561,126.413,129.053,131.313,133.063,133.553,133.153,132.003,129.973,126.933,124.393,124.253,120.193,115.893,131.074,131.434,132.304,133.664,134.034,133.894,132.114,128.704,127.054,124.904,121.234,116.694,126.599,129.119,131.129,132.769,133.649,133.649,132.889,130.629,127.229,124.839,123.839,120.569,115.659,127.251,129.991,131.971,133.211,133.071,132.301,130.791,128.401,124.881,122.371,120.851,118.091,115.321,128.952,131.362,133.012,134.022,133.402,131.642,130.392,128.252,124.852,122.082,120.702,117.432,131.448,134.478,136.758,137.658,136.678,134.568,131.458,124.458,129.343,133.023,135.953,137.233,136.883,133.653,129.653,124.273,128.295,130.955,133.355,134.625,134.515,132.395,127.375,122.235,126.266,128.296,130.206,132.116,132.886,131.636,129.256,124.346,120.446,133.503,134.533,136.583,138.123,138.523,138.423,137.813,135.433,132.793,128.763,124.233,123.623,123.263,120.243,116.723,117.253,133.42,134.34,135.38,135.54,133.79,131.92,130.94,129.58,127.71,123.82,119.04,119.19,119.35,116.22,113.08,113.11,130.588,131.568,137.068,139.428,140.158,135.368,127.318,127.928,126.648,124.748,122.218,121.318,120.798,118.018,116.108,113.958,132.304,133.294,135.674,136.414,133.774,124.244,125.114,125.484,124.214,121.824,118.564,117.054,116.914,114.404,112.014,110.124,128.545,129.675,129.415,128.265,122.205,121.315,122.315,122.435,121.165,117.875,114.085,113.315,113.055,110.905,108.625,107.985,124.987,125.857,124.717,123.207,118.667,119.287,120.037,119.777,118.767,114.477,110.447,110.317,110.307,108.407,107.147,107.267,130.898,132.158,133.808,134.058,130.638,122.288,124.188,124.438,123.178,121.528,119.888,118.998,116.468,113.298,123.514,124.644,122.754,120.484,115.304,118.084,118.964,119.224,118.214,114.554,110.894,110.264,109.254,106.604,106.224,104.204
